28 86
29 105
31 123
33 141
37 159
46 174
59 187
76 196
94 199
113 198
130 190
143 178
151 163
156 146
160 128
163 111
165 92
35 69
43 54
59 48
75 50
90 57
111 57
125 52
140 51
154 58
161 71
100 76
100 90
100 102
101 116
84 127
91 129
99 132
106 130
112 127
53 84
61 80
71 80
80 85
71 88
61 88
117 86
126 81
136 82
143 88
136 91
126 90
72 155
81 149
91 145
97 147
104 146
112 149
122 156
112 164
103 167
97 167
90 167
81 163
76 155
91 151
97 152
103 152
118 156
104 159
97 159
91 158