[[630.0, 0.0], [0.0, 630.0]] [[630.0, 0.0], [0.0, 630.0]] 0.0 0.0
[[0.0, 630.0], [131.0, 193.0]] [[0.0, 630.0], [134.0, 194.0]] 1.58040761836 721.001978797
[[630.0, 0.0], [131.0, 193.0]] [[630.0, 0.0], [134.0, 194.0]] 2.01946832446 1801.46471519
[[0.0, 630.0], [630.0, 0.0]] [[0.0, 630.0], [630.0, 0.0]] 0.0 1801.46471519
[[630.0, 0.0], [-630.0, -630.0]] [[630.0, 0.0], [-630.0, -630.0]] 0.0 1801.46471519
[[0.0, 630.0], [-630.0, -630.0]] [[0.0, 630.0], [-630.0, -630.0]] 0.0 1801.46471519
[[-630.0, -630.0], [28.0, 120.0]] [[-630.0, -630.0], [24.0, 138.0]] 7.47363118448 9258.12643891
[[0.0, 630.0], [28.0, 120.0]] [[0.0, 630.0], [24.0, 138.0]] 17.9153842903 18408.7323221
[[-630.0, -630.0], [630.0, 0.0]] [[-630.0, -630.0], [630.0, 0.0]] 0.0 18408.7323221
[[630.0, 0.0], [154.0, 53.0]] [[630.0, 0.0], [157.0, 53.0]] 0.333021844288 18568.2303175
[[-630.0, -630.0], [154.0, 53.0]] [[-630.0, -630.0], [157.0, 53.0]] 0.999179034026 19607.1579195
[[-630.0, -630.0], [58.0, 49.0]] [[-630.0, -630.0], [56.0, 48.0]] 0.352098145052 19947.5086335
[[58.0, 49.0], [43.0, 50.0]] [[56.0, 48.0], [41.0, 49.0]] 1.9836393739997797 19977.3292721
[[-630.0, -630.0], [43.0, 50.0]] [[-630.0, -630.0], [41.0, 49.0]] 0.364732930853 20326.2795814
[[58.0, 49.0], [-630.0, -630.0]] [[56.0, 48.0], [-630.0, -630.0]] 0.352098145052 20666.6302954
[[-630.0, -630.0], [140.0, 52.0]] [[-630.0, -630.0], [141.0, 52.0]] 0.336891149414 21013.1575208
[[58.0, 49.0], [140.0, 52.0]] [[56.0, 48.0], [141.0, 52.0]] 1.04439351426 21098.8550841
[[-630.0, -630.0], [26.0, 98.0]] [[-630.0, -630.0], [20.0, 94.0]] 0.905282711485 21985.9951903
[[26.0, 98.0], [28.0, 120.0]] [[20.0, 94.0], [22.0, 116.0]] 6.130712984898255 22121.4270667
[[26.0, 98.0], [-630.0, -630.0]] [[-630.0, -630.0], [22.0, 116.0]] 7.55359713247 29523.64394
[[-630.0, -630.0], [25.0, 77.0]] [[20.0, 94.0], [-630.0, -630.0]] 7.67048626588 36916.3135962
[[26.0, 98.0], [25.0, 77.0]] [[-630.0, -630.0], [20.0, 71.0]] 26.3869469059 37471.0673861
[[25.0, 77.0], [-630.0, -630.0]] [[20.0, 94.0], [20.0, 71.0]] 128.278119434 161103.09386
[[-630.0, -630.0], [33.0, 61.0]] [[20.0, 71.0], [-630.0, -630.0]] 8.07512723874 168836.055962
[[25.0, 77.0], [33.0, 61.0]] [[-630.0, -630.0], [29.0, 59.0]] 16.3146173871 169127.90071
[[96.0, 157.0], [87.0, 157.0]] [[20.0, 71.0], [29.0, 59.0]] 109.139178787 170110.153319
[[87.0, 157.0], [87.0, 156.0]] [[67.0, 171.0], [85.0, 152.0]] 7.35526994261 170117.508589
[[96.0, 157.0], [87.0, 156.0]] [[85.0, 152.0], [84.0, 169.0]] 8.80274234306 170197.220811
[[87.0, 157.0], [96.0, 157.0]] [[67.0, 171.0], [84.0, 169.0]] 15.6201412668 170337.802082
[[96.0, 157.0], [96.0, 159.0]] [[85.0, 152.0], [67.0, 171.0]] 20.5922517806 170378.986586
[[87.0, 157.0], [96.0, 159.0]] [[67.0, 171.0], [68.0, 145.0]] 24.3606426481 170603.580614
[[25.0, 77.0], [48.0, 79.0]] [[85.0, 152.0], [68.0, 145.0]] 69.6187733966 172210.854808
[[26.0, 98.0], [48.0, 79.0]] [[22.0, 116.0], [24.0, 138.0]] 38.5187806541 173330.552763
[[82.0, 127.0], [88.0, 147.0]] [[20.0, 71.0], [45.0, 78.0]] 68.6371201418 174763.737907
[[88.0, 147.0], [77.0, 150.0]] [[20.0, 94.0], [45.0, 78.0]] 73.8537583362 175605.80031
[[82.0, 127.0], [77.0, 150.0]] [[78.0, 129.0], [68.0, 145.0]] 8.01397129296 175794.426792
[[88.0, 147.0], [82.0, 127.0]] [[68.0, 145.0], [55.0, 150.0]] 11.3791892437 176032.031239
[[82.0, 127.0], [91.0, 129.0]] [[78.0, 129.0], [55.0, 150.0]] 22.0088726927 176234.94302
[[88.0, 147.0], [91.0, 129.0]] [[68.0, 145.0], [78.0, 129.0]] 14.7852315741 176504.748177
[[28.0, 120.0], [32.0, 140.0]] [[78.0, 129.0], [85.0, 144.0]] 49.318874182 177510.659785
[[0.0, 630.0], [32.0, 140.0]] [[68.0, 145.0], [85.0, 144.0]] 471.120294313 408851.352876
[[28.0, 120.0], [26.0, 98.0]] [[22.0, 116.0], [20.0, 94.0]] 6.130712984898255 408986.784753
[[26.0, 98.0], [55.0, 84.0]] [[20.0, 94.0], [53.0, 83.0]] 3.68056227949 409105.308002
[[28.0, 120.0], [55.0, 84.0]] [[22.0, 116.0], [53.0, 83.0]] 4.62800579449 409313.568263
[[82.0, 127.0], [67.0, 156.0]] [[56.0, 193.0], [67.0, 171.0]] 37.2184033623 410528.736308
[[67.0, 156.0], [32.0, 140.0]] [[67.0, 171.0], [83.0, 181.0]] 25.7696319689 411520.448713
[[82.0, 127.0], [32.0, 140.0]] [[56.0, 193.0], [83.0, 181.0]] 54.959825167 414359.803283
[[67.0, 156.0], [82.0, 127.0]] [[67.0, 171.0], [56.0, 193.0]] 37.1241591244 415571.894287
[[67.0, 156.0], [77.0, 150.0]] [[56.0, 193.0], [42.0, 177.0]] 38.5932872891 416021.96549
[[32.0, 140.0], [38.0, 159.0]] [[67.0, 171.0], [42.0, 177.0]] 28.4993621543 416589.811259
[[0.0, 630.0], [38.0, 159.0]] [[24.0, 138.0], [31.0, 158.0]] 467.774688241 637627.582235
[[32.0, 140.0], [28.0, 120.0]] [[0.0, 630.0], [31.0, 158.0]] 486.850848876 647557.43015
[[28.0, 120.0], [82.0, 127.0]] [[24.0, 138.0], [22.0, 116.0]] 16.5552768202 648458.894996
[[32.0, 140.0], [82.0, 127.0]] [[22.0, 116.0], [55.0, 150.0]] 15.6852578127 649269.232517
[[88.0, 147.0], [98.0, 131.0]] [[24.0, 138.0], [55.0, 150.0]] 46.4987052303 650146.568333
[[98.0, 131.0], [97.0, 150.0]] [[108.0, 144.0], [98.0, 136.0]] 6.39931695118 650268.323641
[[88.0, 147.0], [97.0, 150.0]] [[98.0, 136.0], [108.0, 133.0]] 16.4833481249 650424.698412
[[98.0, 131.0], [88.0, 147.0]] [[108.0, 144.0], [108.0, 133.0]] 7.14491053332 650559.508314
[[98.0, 131.0], [91.0, 129.0]] [[98.0, 136.0], [108.0, 144.0]] 10.1306535712 650633.260586
[[38.0, 159.0], [47.0, 177.0]] [[108.0, 144.0], [97.0, 146.0]] 51.1849145387 651663.337121
[[0.0, 630.0], [47.0, 177.0]] [[98.0, 136.0], [97.0, 146.0]] 472.177717341 866708.020335
[[38.0, 159.0], [32.0, 140.0]] [[31.0, 158.0], [42.0, 177.0]] 15.5559337422 867017.970119
[[32.0, 140.0], [67.0, 156.0]] [[0.0, 630.0], [42.0, 177.0]] 456.477071691 884584.925474
[[38.0, 159.0], [67.0, 156.0]] [[31.0, 158.0], [24.0, 138.0]] 20.5387597011 885183.728073
[[67.0, 156.0], [47.0, 177.0]] [[31.0, 158.0], [55.0, 150.0]] 18.758712521 885727.730736
[[47.0, 177.0], [59.0, 193.0]] [[108.0, 133.0], [117.0, 130.0]] 77.0597136372 887268.925009
[[0.0, 630.0], [59.0, 193.0]] [[108.0, 144.0], [117.0, 130.0]] 465.987284743 1092752.93869
[[159.0, 144.0], [113.0, 128.0]] [[42.0, 177.0], [56.0, 193.0]] 87.5456678357 1097016.69134
[[113.0, 128.0], [165.0, 124.0]] [[0.0, 630.0], [56.0, 193.0]] 458.208053159 1120913.89968
[[159.0, 144.0], [165.0, 124.0]] [[42.0, 177.0], [31.0, 158.0]] 109.068985748 1123191.32696
[[113.0, 128.0], [159.0, 144.0]] [[42.0, 177.0], [55.0, 150.0]] 84.3321597731 1127298.57154
[[159.0, 144.0], [125.0, 157.0]] [[99.0, 107.0], [78.0, 129.0]] 60.689920479 1129507.71799
[[113.0, 128.0], [125.0, 157.0]] [[78.0, 129.0], [76.0, 82.0]] 43.4843205681 1130872.46077
[[59.0, 193.0], [75.0, 202.0]] [[99.0, 107.0], [76.0, 82.0]] 92.0355731035 1132562.0093
[[0.0, 630.0], [75.0, 202.0]] [[78.0, 129.0], [99.0, 107.0]] 474.988805652 1338954.89371
[[59.0, 193.0], [47.0, 177.0]] [[99.0, 107.0], [99.0, 122.0]] 83.3003957916 1340620.90163
[[47.0, 177.0], [76.0, 165.0]] [[78.0, 129.0], [99.0, 122.0]] 52.3668480137 1342264.41995
[[59.0, 193.0], [76.0, 165.0]] [[56.0, 193.0], [72.0, 204.0]] 19.09457875 1342889.89493
[[82.0, 127.0], [28.0, 120.0]] [[0.0, 630.0], [72.0, 204.0]] 464.63946375 1368190.35638
[[82.0, 127.0], [55.0, 84.0]] [[53.0, 83.0], [20.0, 94.0]] 13.7560787109 1368888.80765
[[75.0, 202.0], [95.0, 203.0]] [[53.0, 83.0], [45.0, 78.0]] 120.312785658 1371298.0693
[[0.0, 630.0], [95.0, 203.0]] [[72.0, 204.0], [94.0, 206.0]] 387.110352363 1540635.73087
[[75.0, 202.0], [59.0, 193.0]] [[0.0, 630.0], [94.0, 206.0]] 399.704043662 1547973.32173
[[59.0, 193.0], [86.0, 171.0]] [[72.0, 204.0], [56.0, 193.0]] 18.1960225624 1548607.05552
[[75.0, 202.0], [86.0, 171.0]] [[72.0, 204.0], [83.0, 181.0]] 7.82513909764 1548864.45384
[[165.0, 124.0], [141.0, 86.0]] [[142.0, 77.0], [142.0, 86.0]] 7.82937375548 1549216.34042
[[141.0, 86.0], [170.0, 103.0]] [[142.0, 86.0], [131.0, 86.0]] 9.3902516155 1549531.99817
[[165.0, 124.0], [170.0, 103.0]] [[142.0, 77.0], [131.0, 86.0]] 44.5516430688 1550493.73596
[[141.0, 86.0], [165.0, 124.0]] [[142.0, 86.0], [142.0, 77.0]] 16.8289023558 1551250.10105
[[165.0, 124.0], [113.0, 128.0]] [[142.0, 77.0], [151.0, 82.0]] 47.9851017638 1553752.69778
[[141.0, 86.0], [113.0, 128.0]] [[142.0, 86.0], [151.0, 82.0]] 29.6550901894 1555249.61906
[[95.0, 203.0], [116.0, 201.0]] [[94.0, 206.0], [116.0, 204.0]] 3.03299059074 1555313.60006
[[0.0, 630.0], [116.0, 201.0]] [[0.0, 630.0], [116.0, 204.0]] 2.70253968099 1556514.62585
[[95.0, 203.0], [75.0, 202.0]] [[94.0, 206.0], [72.0, 204.0]] 2.34997675683 1556561.68409
[[95.0, 203.0], [86.0, 171.0]] [[94.0, 206.0], [83.0, 181.0]] 4.28723379632 1556704.19835
[[131.0, 193.0], [0.0, 630.0]] [[134.0, 194.0], [0.0, 630.0]] 3.16110296042 1558146.33357
[[131.0, 193.0], [116.0, 201.0]] [[134.0, 194.0], [116.0, 204.0]] 2.53374911663 1558189.4073
[[116.0, 201.0], [95.0, 203.0]] [[116.0, 204.0], [94.0, 206.0]] 3.0343473348 1558253.41693
[[95.0, 203.0], [105.0, 172.0]] [[94.0, 206.0], [108.0, 181.0]] 7.40105301031 1558494.49139
[[116.0, 201.0], [105.0, 172.0]] [[116.0, 204.0], [108.0, 181.0]] 2.81281589752 1558581.73404
[[131.0, 193.0], [143.0, 179.0]] [[134.0, 194.0], [147.0, 178.0]] 3.26035000386 1558641.85193
[[630.0, 0.0], [143.0, 179.0]] [[630.0, 0.0], [147.0, 178.0]] 1.18710254431 1559257.78543
[[131.0, 193.0], [105.0, 172.0]] [[134.0, 194.0], [108.0, 181.0]] 3.40628503747 1559371.62876
[[143.0, 179.0], [152.0, 163.0]] [[76.0, 82.0], [78.0, 129.0]] 73.7053909152 1560724.67988
[[630.0, 0.0], [152.0, 163.0]] [[78.0, 129.0], [64.0, 84.0]] 175.355677541 1649284.15825
[[143.0, 179.0], [131.0, 193.0]] [[76.0, 82.0], [64.0, 84.0]] 117.311636413 1651447.27794
[[131.0, 193.0], [115.0, 167.0]] [[147.0, 178.0], [159.0, 161.0]] 25.4100911827 1652223.01436
[[143.0, 179.0], [115.0, 167.0]] [[630.0, 0.0], [159.0, 161.0]] 173.489409648 1657508.03828
[[78.0, 82.0], [82.0, 127.0]] [[147.0, 178.0], [134.0, 194.0]] 78.0951256288 1661036.17519
[[82.0, 127.0], [67.0, 84.0]] [[134.0, 194.0], [123.0, 172.0]] 80.6900976938 1664710.89827
[[78.0, 82.0], [67.0, 84.0]] [[147.0, 178.0], [123.0, 172.0]] 100.450146661 1665833.96506
[[82.0, 127.0], [78.0, 82.0]] [[87.0, 62.0], [65.0, 75.0]] 34.0929848492 1667374.19842
[[78.0, 82.0], [100.0, 102.0]] [[65.0, 75.0], [72.0, 53.0]] 30.703082321 1668287.06669
[[82.0, 127.0], [100.0, 102.0]] [[87.0, 62.0], [72.0, 53.0]] 52.9467080898 1669918.1347
[[152.0, 163.0], [159.0, 144.0]] [[65.0, 75.0], [87.0, 62.0]] 113.666770237 1672219.71138
[[630.0, 0.0], [159.0, 144.0]] [[87.0, 62.0], [76.0, 82.0]] 284.156400178 1812172.72437
[[152.0, 163.0], [143.0, 179.0]] [[65.0, 75.0], [76.0, 82.0]] 113.208329693 1814250.95305
[[143.0, 179.0], [125.0, 157.0]] [[159.0, 161.0], [166.0, 141.0]] 30.6341439549 1815121.73903
[[152.0, 163.0], [125.0, 157.0]] [[630.0, 0.0], [166.0, 141.0]] 161.148339332 1819578.88187
[[55.0, 84.0], [67.0, 84.0]] [[159.0, 161.0], [147.0, 178.0]] 124.493638576 1821072.80553
[[630.0, 0.0], [165.0, 124.0]] [[147.0, 178.0], [136.0, 152.0]] 165.503336437 1900721.18947
[[159.0, 144.0], [152.0, 163.0]] [[159.0, 161.0], [136.0, 152.0]] 12.7782175826 1900979.92865
[[48.0, 79.0], [25.0, 77.0]] [[53.0, 83.0], [78.0, 129.0]] 24.2039147525 1901538.71942
[[48.0, 79.0], [33.0, 61.0]] [[78.0, 129.0], [22.0, 116.0]] 47.6286845455 1902654.69517
[[630.0, 0.0], [170.0, 103.0]] [[53.0, 83.0], [22.0, 116.0]] 280.966017914 2035099.4058
[[67.0, 84.0], [56.0, 75.0]] [[78.0, 129.0], [53.0, 83.0]] 11.0866245169 2035256.97634
[[56.0, 75.0], [67.0, 75.0]] [[53.0, 83.0], [64.0, 84.0]] 8.28053062822 2035348.06218
[[67.0, 84.0], [67.0, 75.0]] [[166.0, 141.0], [170.0, 121.0]] 100.075603247 2036248.7426
[[56.0, 75.0], [67.0, 84.0]] [[630.0, 0.0], [170.0, 121.0]] 151.205493868 2038397.77645
[[67.0, 84.0], [55.0, 84.0]] [[166.0, 141.0], [159.0, 161.0]] 118.145559872 2039815.52317
[[56.0, 75.0], [55.0, 84.0]] [[166.0, 141.0], [136.0, 152.0]] 96.6901957871 2040691.09013
[[170.0, 103.0], [171.0, 83.0]] [[45.0, 78.0], [29.0, 59.0]] 113.36902504 2042961.30309
[[630.0, 0.0], [171.0, 83.0]] [[29.0, 59.0], [41.0, 49.0]] 146.944201404 2111502.54336
[[56.0, 75.0], [33.0, 61.0]] [[45.0, 78.0], [41.0, 49.0]] 3.49401431412 2111596.62257
[[33.0, 61.0], [43.0, 50.0]] [[29.0, 59.0], [45.0, 78.0]] 10.0727253073 2111746.3644
[[56.0, 75.0], [43.0, 50.0]] [[45.0, 78.0], [20.0, 71.0]] 18.2073430123 2112259.41102
[[33.0, 61.0], [56.0, 75.0]] [[29.0, 59.0], [20.0, 71.0]] 16.4448311493 2112702.20165
[[56.0, 75.0], [48.0, 79.0]] [[170.0, 121.0], [173.0, 99.0]] 103.97441443 2113632.17708
[[33.0, 61.0], [48.0, 79.0]] [[630.0, 0.0], [173.0, 99.0]] 153.63922171 2117232.05912
[[171.0, 83.0], [164.0, 64.0]] [[170.0, 121.0], [166.0, 141.0]] 56.388729974 2118373.84388
[[630.0, 0.0], [164.0, 64.0]] [[166.0, 141.0], [117.0, 130.0]] 137.476980436 2183039.48494
[[171.0, 83.0], [170.0, 103.0]] [[170.0, 121.0], [117.0, 130.0]] 31.968873218 2183679.66112
[[170.0, 103.0], [148.0, 82.0]] [[54.0, 74.0], [41.0, 49.0]] 103.029831249 2186813.19111
[[171.0, 83.0], [148.0, 82.0]] [[41.0, 49.0], [56.0, 48.0]] 108.519334021 2189311.49379
[[43.0, 50.0], [58.0, 49.0]] [[54.0, 74.0], [56.0, 48.0]] 16.6885511153 2189562.37773
[[56.0, 75.0], [58.0, 49.0]] [[41.0, 49.0], [54.0, 74.0]] 8.98400308512 2189796.65187
[[33.0, 61.0], [-630.0, -630.0]] [[54.0, 74.0], [45.0, 78.0]] 381.946100271 2555558.6555
[[99.0, 77.0], [112.0, 62.0]] [[41.0, 49.0], [45.0, 78.0]] 61.1048168271 2556771.55148
[[112.0, 62.0], [119.0, 83.0]] [[173.0, 99.0], [175.0, 77.0]] 52.7946064757 2557940.20992
[[99.0, 77.0], [119.0, 83.0]] [[630.0, 0.0], [175.0, 77.0]] 98.981516201 2560007.00465
[[112.0, 62.0], [99.0, 77.0]] [[173.0, 99.0], [170.0, 121.0]] 77.0926388124 2561537.24984
[[99.0, 77.0], [87.0, 62.0]] [[170.0, 121.0], [142.0, 86.0]] 54.09076978511132 2562576.2996
[[112.0, 62.0], [87.0, 62.0]] [[173.0, 99.0], [142.0, 86.0]] 60.9758628984 2564100.69617
[[140.0, 52.0], [73.0, 54.0]] [[175.0, 77.0], [167.0, 64.0]] 38.6948422592 2566694.40541
[[58.0, 49.0], [73.0, 54.0]] [[630.0, 0.0], [167.0, 64.0]] 113.088084073 2568482.48502
[[126.0, 56.0], [73.0, 54.0]] [[175.0, 77.0], [173.0, 99.0]] 78.2581976654 2572633.12159
[[73.0, 54.0], [140.0, 52.0]] [[173.0, 99.0], [151.0, 82.0]] 44.1622384003 2575593.30954
[[126.0, 56.0], [140.0, 52.0]] [[175.0, 77.0], [151.0, 82.0]] 32.1550633185 2576061.49433
[[73.0, 54.0], [126.0, 56.0]] [[29.0, 59.0], [-630.0, -630.0]] 77.3169574294 2580162.20966
[[126.0, 56.0], [112.0, 62.0]] [[65.0, 75.0], [64.0, 84.0]] 50.3269386901 2580928.76675
[[73.0, 54.0], [112.0, 62.0]] [[64.0, 84.0], [54.0, 74.0]] 25.7902658943 2581955.53032
[[73.0, 54.0], [67.0, 75.0]] [[65.0, 75.0], [54.0, 74.0]] 14.4504326062 2582271.13254
[[58.0, 49.0], [67.0, 75.0]] [[64.0, 84.0], [65.0, 75.0]] 9.57837201556 2582534.66835
[[87.0, 62.0], [73.0, 54.0]] [[64.0, 84.0], [76.0, 82.0]] 22.1617387021 2582892.01565
[[112.0, 62.0], [73.0, 54.0]] [[120.0, 84.0], [99.0, 107.0]] 46.3142011292 2584735.87933
[[119.0, 83.0], [112.0, 62.0]] [[99.0, 107.0], [99.0, 93.0]] 20.6419780511 2585192.80899
[[112.0, 62.0], [130.0, 76.0]] [[120.0, 84.0], [99.0, 93.0]] 22.4549426495 2585704.86047
[[119.0, 83.0], [130.0, 76.0]] [[99.0, 107.0], [120.0, 84.0]] 21.8665612488 2585989.96555
[[73.0, 54.0], [87.0, 62.0]] [[120.0, 84.0], [131.0, 86.0]] 50.4287276059 2586803.10435
[[87.0, 62.0], [67.0, 75.0]] [[99.0, 107.0], [131.0, 86.0]] 44.2084979577 2587857.64152
[[119.0, 83.0], [100.0, 89.0]] [[141.0, 52.0], [72.0, 53.0]] 39.5782889036 2588646.23334
[[99.0, 77.0], [100.0, 89.0]] [[56.0, 48.0], [72.0, 53.0]] 41.8258512939 2589149.88328
[[100.0, 102.0], [119.0, 83.0]] [[126.0, 56.0], [72.0, 53.0]] 37.1913088278 2590149.2159
[[119.0, 83.0], [130.0, 86.0]] [[72.0, 53.0], [141.0, 52.0]] 32.4972120547 2590519.74112
[[100.0, 102.0], [130.0, 86.0]] [[126.0, 56.0], [141.0, 52.0]] 44.0100289877 2592016.08211
[[119.0, 83.0], [100.0, 102.0]] [[72.0, 53.0], [126.0, 56.0]] 49.9537014163 2593358.34095
[[100.0, 102.0], [100.0, 89.0]] [[126.0, 56.0], [111.0, 63.0]] 29.740556577 2593744.96818
[[130.0, 86.0], [140.0, 76.0]] [[72.0, 53.0], [111.0, 63.0]] 34.8922518088 2594238.41914
[[140.0, 76.0], [141.0, 86.0]] [[72.0, 53.0], [54.0, 74.0]] 70.6931496621 2594948.8765
[[130.0, 86.0], [141.0, 86.0]] [[56.0, 48.0], [54.0, 74.0]] 82.3946710146 2595855.21788
[[140.0, 76.0], [130.0, 86.0]] [[126.0, 56.0], [130.0, 77.0]] 13.1116436958 2596040.64452
[[130.0, 86.0], [130.0, 76.0]] [[130.0, 77.0], [111.0, 63.0]] 13.2899213052 2596173.54374
[[140.0, 76.0], [130.0, 76.0]] [[130.0, 77.0], [126.0, 56.0]] 5.9944068229 2596233.48781
[[170.0, 103.0], [141.0, 86.0]] [[126.0, 56.0], [142.0, 77.0]] 29.4115400222 2597222.17062
[[141.0, 86.0], [148.0, 82.0]] [[130.0, 77.0], [142.0, 77.0]] 8.06011456251 2597287.15334
[[112.0, 62.0], [126.0, 56.0]] [[120.0, 84.0], [111.0, 63.0]] 12.093624271 2597471.35794
[[126.0, 56.0], [130.0, 76.0]] [[111.0, 63.0], [130.0, 77.0]] 7.93882778861 2597633.27889
[[130.0, 76.0], [126.0, 56.0]] [[120.0, 84.0], [130.0, 77.0]] 11.0726356313 2597859.11723
[[126.0, 56.0], [140.0, 76.0]] [[111.0, 63.0], [120.0, 84.0]] 16.5070553728 2598262.10581
[[130.0, 76.0], [140.0, 76.0]] [[120.0, 84.0], [99.0, 78.0]] 20.8685440074 2598470.79125
[[140.0, 52.0], [140.0, 76.0]] [[111.0, 63.0], [99.0, 78.0]] 23.8161965393 2599042.37997
[[140.0, 52.0], [-630.0, -630.0]] [[87.0, 62.0], [111.0, 63.0]] 37.2280715294 2637335.28365
[[140.0, 52.0], [154.0, 53.0]] [[99.0, 78.0], [120.0, 84.0]] 40.8898210948 2637909.19964
[[140.0, 76.0], [140.0, 52.0]] [[99.0, 78.0], [99.0, 93.0]] 42.596350765 2638931.51205
[[140.0, 76.0], [154.0, 53.0]] [[131.0, 86.0], [117.0, 130.0]] 46.6367173167 2640187.2441
[[154.0, 53.0], [630.0, 0.0]] [[99.0, 107.0], [117.0, 130.0]] 123.890513912 2699523.55779
[[154.0, 53.0], [164.0, 64.0]] [[151.0, 82.0], [167.0, 64.0]] 13.8710932812 2699729.76641
[[164.0, 64.0], [171.0, 83.0]] [[167.0, 64.0], [175.0, 77.0]] 2.60465580632 2699782.50667
[[164.0, 64.0], [148.0, 82.0]] [[151.0, 82.0], [175.0, 77.0]] 14.8523116447 2700140.1977
[[164.0, 64.0], [140.0, 76.0]] [[167.0, 64.0], [151.0, 82.0]] 9.64146475606 2700398.90535
[[154.0, 53.0], [140.0, 76.0]] [[151.0, 82.0], [142.0, 77.0]] 17.2878766485 2700864.39567
[[87.0, 62.0], [99.0, 77.0]] [[167.0, 64.0], [142.0, 77.0]] 51.2411156769 2701848.70536
[[99.0, 77.0], [78.0, 82.0]] [[87.0, 62.0], [99.0, 78.0]] 10.2857798964 2702070.74484
[[87.0, 62.0], [78.0, 82.0]] [[131.0, 86.0], [130.0, 77.0]] 47.6766656441 2703116.37574
[[130.0, 86.0], [113.0, 128.0]] [[142.0, 77.0], [130.0, 77.0]] 36.4317028893 2704767.09777
[[100.0, 102.0], [113.0, 128.0]] [[157.0, 53.0], [141.0, 52.0]] 71.0041395113 2706831.10884
[[67.0, 75.0], [78.0, 82.0]] [[141.0, 52.0], [142.0, 77.0]] 68.3958486729 2707722.88161
[[67.0, 84.0], [78.0, 82.0]] [[142.0, 77.0], [141.0, 52.0]] 68.2388579406 2708485.81523
[[100.0, 89.0], [78.0, 82.0]] [[141.0, 52.0], [157.0, 53.0]] 64.3311173151 2709971.01441
[[113.0, 128.0], [100.0, 115.0]] [[142.0, 77.0], [157.0, 53.0]] 66.8777568481 2711200.54701
[[100.0, 102.0], [100.0, 115.0]] [[157.0, 53.0], [630.0, 0.0]] 115.882542509 2712707.02006
[[82.0, 127.0], [100.0, 115.0]] [[157.0, 53.0], [167.0, 64.0]] 91.4800764211 2714686.0367
[[100.0, 89.0], [100.0, 102.0]] [[157.0, 53.0], [142.0, 77.0]] 58.1435045497 2715441.90225
[[100.0, 102.0], [78.0, 82.0]] [[117.0, 130.0], [99.0, 122.0]] 32.0915409481 2716396.05236
[[98.0, 131.0], [100.0, 115.0]] [[99.0, 122.0], [99.0, 107.0]] 8.50391400195 2716533.17386
[[100.0, 115.0], [106.0, 130.0]] [[117.0, 130.0], [99.0, 107.0]] 7.23792644275 2716650.10614
[[98.0, 131.0], [106.0, 130.0]] [[99.0, 122.0], [117.0, 130.0]] 4.68867487859 2716687.90744
[[100.0, 115.0], [98.0, 131.0]] [[117.0, 130.0], [108.0, 133.0]] 14.8422780746 2716927.23198
[[100.0, 115.0], [91.0, 129.0]] [[99.0, 122.0], [108.0, 133.0]] 9.74825650555 2717089.47531
[[116.0, 152.0], [105.0, 156.0]] [[99.0, 78.0], [76.0, 82.0]] 77.4178425185 2717995.62792
[[105.0, 156.0], [105.0, 148.0]] [[99.0, 93.0], [76.0, 82.0]] 58.3620629099 2718462.52442
[[116.0, 152.0], [105.0, 148.0]] [[117.0, 130.0], [166.0, 141.0]] 16.2861545189 2718653.14898
[[105.0, 156.0], [116.0, 152.0]] [[117.0, 130.0], [136.0, 152.0]] 19.2273835775 2718878.19973
[[116.0, 152.0], [105.0, 158.0]] [[22.0, 116.0], [78.0, 129.0]] 52.6555503022 2719537.97189
[[105.0, 156.0], [105.0, 158.0]] [[99.0, 93.0], [99.0, 107.0]] 51.00244232404594 2719639.97677
[[97.0, 150.0], [87.0, 156.0]] [[123.0, 172.0], [131.0, 154.0]] 30.314157676 2719993.49756
[[87.0, 156.0], [88.0, 147.0]] [[147.0, 178.0], [131.0, 154.0]] 39.2020237898 2720348.48698
[[97.0, 150.0], [88.0, 147.0]] [[68.0, 145.0], [67.0, 171.0]] 26.485152681 2720599.7472
[[87.0, 156.0], [97.0, 150.0]] [[67.0, 171.0], [60.0, 151.0]] 24.7802408368 2720888.73199
[[97.0, 150.0], [96.0, 157.0]] [[68.0, 145.0], [60.0, 151.0]] 26.6192998878 2721076.95886
[[87.0, 156.0], [96.0, 157.0]] [[83.0, 181.0], [96.0, 182.0]] 24.7732037167 2721301.28976
[[105.0, 172.0], [96.0, 159.0]] [[94.0, 206.0], [96.0, 182.0]] 32.062438197 2721808.24142
[[96.0, 159.0], [105.0, 158.0]] [[99.0, 122.0], [88.0, 132.0]] 29.3706349261 2722074.20383
[[105.0, 172.0], [105.0, 158.0]] [[78.0, 129.0], [88.0, 132.0]] 37.4492462077 2722598.49328
[[96.0, 159.0], [105.0, 172.0]] [[85.0, 152.0], [97.0, 153.0]] 14.2111308501 2722823.19099
[[105.0, 172.0], [95.0, 172.0]] [[97.0, 153.0], [84.0, 169.0]] 14.6238493475 2722969.42948
[[96.0, 159.0], [95.0, 172.0]] [[97.0, 153.0], [85.0, 152.0]] 13.2182186745 2723141.77397
[[106.0, 130.0], [105.0, 148.0]] [[85.0, 152.0], [97.0, 146.0]] 16.1710626744 2723433.30195
[[105.0, 148.0], [98.0, 131.0]] [[97.0, 153.0], [97.0, 146.0]] 9.66439898551 2723610.97976
[[106.0, 130.0], [98.0, 131.0]] [[88.0, 132.0], [85.0, 144.0]] 13.7014711698 2723721.44455
[[105.0, 148.0], [106.0, 130.0]] [[88.0, 132.0], [99.0, 122.0]] 15.1906729886 2723995.29831
[[106.0, 130.0], [113.0, 128.0]] [[99.0, 122.0], [98.0, 136.0]] 11.2209892231 2724076.98834
[[105.0, 148.0], [113.0, 128.0]] [[88.0, 132.0], [98.0, 136.0]] 16.7198794344 2724437.14556
[[115.0, 167.0], [131.0, 193.0]] [[108.0, 152.0], [124.0, 147.0]] 22.9726799471 2725138.47105
[[115.0, 167.0], [105.0, 172.0]] [[124.0, 147.0], [131.0, 154.0]] 24.8547490499 2725416.35559
[[125.0, 157.0], [116.0, 152.0]] [[108.0, 152.0], [131.0, 154.0]] 5.43452191361 2725472.30742
[[113.0, 128.0], [116.0, 152.0]] [[124.0, 147.0], [108.0, 152.0]] 17.8176586816 2725903.25909
[[106.0, 130.0], [100.0, 115.0]] [[108.0, 152.0], [108.0, 144.0]] 22.3167024632 2726263.79645
[[100.0, 115.0], [113.0, 128.0]] [[124.0, 147.0], [108.0, 144.0]] 22.8696628952 2726684.25008
[[48.0, 79.0], [55.0, 84.0]] [[98.0, 136.0], [85.0, 144.0]] 70.7859110613 2727293.17352
[[48.0, 79.0], [56.0, 75.0]] [[98.0, 136.0], [99.0, 122.0]] 60.1753529291 2727831.39824
[[78.0, 82.0], [67.0, 75.0]] [[136.0, 152.0], [124.0, 147.0]] 86.8814899494 2728964.19427
[[141.0, 86.0], [140.0, 76.0]] [[117.0, 130.0], [124.0, 147.0]] 57.8250231235 2729545.32856
[[140.0, 76.0], [148.0, 82.0]] [[117.0, 130.0], [142.0, 86.0]] 32.9650826092 2729874.97939
[[130.0, 76.0], [130.0, 86.0]] [[54.0, 74.0], [64.0, 84.0]] 58.4773830986 2730459.75322
[[148.0, 82.0], [140.0, 76.0]] [[64.0, 84.0], [53.0, 83.0]] 85.0422139079 2731310.17536
[[113.0, 128.0], [130.0, 86.0]] [[54.0, 74.0], [53.0, 83.0]] 63.8903140658 2734205.04824
[[141.0, 86.0], [130.0, 86.0]] [[72.0, 53.0], [65.0, 75.0]] 70.517943095 2734980.74561
[[47.0, 177.0], [67.0, 156.0]] [[45.0, 78.0], [54.0, 74.0]] 81.9542839233 2737357.41985
[[67.0, 156.0], [76.0, 165.0]] [[45.0, 78.0], [53.0, 83.0]] 72.6803442916 2738282.4896
[[77.0, 150.0], [71.0, 156.0]] [[130.0, 77.0], [131.0, 86.0]] 72.2943400251 2738895.92742
[[67.0, 156.0], [71.0, 156.0]] [[142.0, 86.0], [117.0, 130.0]] 76.4936777019 2739201.90213
[[95.0, 172.0], [95.0, 203.0]] [[117.0, 130.0], [131.0, 86.0]] 77.3588755573 2741600.02727
[[95.0, 172.0], [86.0, 171.0]] [[55.0, 150.0], [67.0, 171.0]] 22.1649145608 2741800.73911
[[95.0, 203.0], [95.0, 172.0]] [[42.0, 177.0], [67.0, 171.0]] 40.7533512168 2743064.093
[[95.0, 172.0], [105.0, 172.0]] [[55.0, 150.0], [68.0, 145.0]] 38.5710496708 2743449.8035
[[77.0, 150.0], [88.0, 147.0]] [[55.0, 150.0], [60.0, 151.0]] 21.0202797805 2743689.47156
[[88.0, 147.0], [87.0, 156.0]] [[85.0, 144.0], [85.0, 152.0]] 9.26978001968 2743773.41299
[[77.0, 150.0], [87.0, 156.0]] [[68.0, 145.0], [85.0, 152.0]] 3.54486611261 2743814.75288
[[97.0, 150.0], [98.0, 131.0]] [[85.0, 144.0], [98.0, 136.0]] 6.11128778735 2743931.02806
[[98.0, 131.0], [105.0, 148.0]] [[85.0, 144.0], [97.0, 146.0]] 8.65005662173 2744090.05741
[[97.0, 150.0], [105.0, 148.0]] [[96.0, 182.0], [108.0, 181.0]] 32.5448677662 2744358.42927
[[115.0, 167.0], [125.0, 157.0]] [[97.0, 146.0], [85.0, 152.0]] 26.9544027889 2744739.62209
[[125.0, 157.0], [143.0, 179.0]] [[108.0, 152.0], [108.0, 169.0]] 19.0245272692 2745280.40076
[[115.0, 167.0], [143.0, 179.0]] [[108.0, 169.0], [97.0, 153.0]] 23.5610751108 2745998.14397
[[125.0, 157.0], [115.0, 167.0]] [[108.0, 152.0], [97.0, 153.0]] 12.7724933792 2746178.7743
[[115.0, 167.0], [120.0, 158.0]] [[108.0, 169.0], [108.0, 152.0]] 9.73073146778 2746278.95831
[[125.0, 157.0], [120.0, 158.0]] [[108.0, 152.0], [123.0, 172.0]] 6.53067921087 2746312.25837
[[105.0, 148.0], [105.0, 156.0]] [[108.0, 169.0], [123.0, 172.0]] 16.7141669711 2746445.97171
[[97.0, 150.0], [105.0, 156.0]] [[97.0, 146.0], [108.0, 144.0]] 8.13941615489 2746527.36587
[[105.0, 148.0], [116.0, 152.0]] [[108.0, 144.0], [108.0, 152.0]] 1.6828912197 2746547.06361
[[116.0, 152.0], [125.0, 157.0]] [[97.0, 146.0], [108.0, 152.0]] 17.3285712246 2746725.47217
[[116.0, 152.0], [120.0, 158.0]] [[108.0, 144.0], [124.0, 147.0]] 8.61900156096 2746787.62467
[[105.0, 158.0], [116.0, 152.0]] [[131.0, 154.0], [136.0, 152.0]] 18.4612957674 2747018.94404
[[105.0, 158.0], [120.0, 158.0]] [[124.0, 147.0], [136.0, 152.0]] 16.7831401374 2747270.69115
[[105.0, 158.0], [96.0, 157.0]] [[136.0, 152.0], [131.0, 154.0]] 24.7409351524 2747494.72984
[[105.0, 156.0], [96.0, 157.0]] [[131.0, 154.0], [123.0, 172.0]] 16.2172512968 2747641.5833
[[115.0, 167.0], [105.0, 158.0]] [[123.0, 172.0], [134.0, 194.0]] 21.1168049214 2747925.68085
[[87.0, 156.0], [87.0, 157.0]] [[123.0, 172.0], [108.0, 181.0]] 31.825467782 2747957.50632
[[77.0, 150.0], [87.0, 157.0]] [[97.0, 146.0], [97.0, 153.0]] 13.7690022491 2748125.57841
[[77.0, 150.0], [76.0, 165.0]] [[108.0, 181.0], [108.0, 169.0]] 31.3900122321 2748597.47377
[[76.0, 165.0], [71.0, 156.0]] [[123.0, 172.0], [108.0, 169.0]] 40.6448592715 2749015.93821
[[76.0, 165.0], [77.0, 150.0]] [[84.0, 169.0], [97.0, 153.0]] 13.0862597417 2749212.66783
[[76.0, 165.0], [87.0, 157.0]] [[97.0, 153.0], [97.0, 170.0]] 15.5367936822 2749423.99107
[[86.0, 171.0], [96.0, 159.0]] [[84.0, 169.0], [97.0, 170.0]] 4.09936318166 2749488.02517
[[95.0, 172.0], [96.0, 159.0]] [[108.0, 181.0], [96.0, 182.0]] 19.9288885662 2749747.86609
[[86.0, 171.0], [59.0, 193.0]] [[96.0, 182.0], [97.0, 170.0]] 21.1384012732 2750484.07749
[[86.0, 171.0], [76.0, 165.0]] [[108.0, 181.0], [97.0, 170.0]] 18.9235914413 2750704.76259
[[76.0, 165.0], [67.0, 156.0]] [[96.0, 182.0], [83.0, 181.0]] 23.1662915553 2750999.62134
[[86.0, 171.0], [87.0, 157.0]] [[83.0, 181.0], [84.0, 169.0]] 11.7764655169 2751164.91191
[[96.0, 159.0], [86.0, 171.0]] [[96.0, 182.0], [84.0, 169.0]] 13.633222349 2751377.86965
[[96.0, 159.0], [87.0, 157.0]] [[67.0, 171.0], [55.0, 150.0]] 26.1459876834 2751618.92375
[[120.0, 158.0], [115.0, 167.0]] [[83.0, 181.0], [67.0, 171.0]] 35.1098270075 2751980.40154
[[105.0, 158.0], [115.0, 167.0]] [[97.0, 170.0], [108.0, 169.0]] 10.1316038294 2752116.70833
[[96.0, 157.0], [105.0, 158.0]] [[97.0, 153.0], [108.0, 169.0]] 1.20913658697 2752127.65753
[[105.0, 158.0], [96.0, 159.0]] [[108.0, 169.0], [97.0, 170.0]] 11.1535814656 2752228.65751
81.1684166238
1.67954144805
