[[21, 93], [22, 113]] [[26, 82], [26, 102]]
	After ::  [[21, 93], [22, 113]] [[25.500623830561079, 82.012476611221558], [26.499376169438921, 101.98752338877844]] Angle Difference ::  0.0 LHD ::  11.8731401835
[[22, 113], [25, 133]] [[26, 102], [27, 122]]
	After ::  [[22, 113], [25, 133]] [[25.014742372499338, 102.09828248332892], [27.985257627500662, 121.90171751667108]] Angle Difference ::  0.0 LHD ::  11.3074092935
[[25, 133], [29, 153]] [[27, 122], [28, 142]]
	After ::  [[25, 133], [29, 153]] [[25.536388727174028, 122.18194363587014], [29.463611272825972, 141.81805636412986]] Angle Difference ::  0.0 LHD ::  10.8421106036
[[29, 153], [34, 172]] [[28, 142], [33, 161]]
	After ::  [[29, 153], [34, 172]] [[28, 142], [33, 161]] Angle Difference ::  0.0 LHD ::  11.045361017187261
[[34, 172], [45, 188]] [[33, 161], [44, 178]]
	After ::  [[34.225984082083272, 171.84924812685597], [44.774015917916728, 188.15075187314403]] [[33, 161], [44, 178]] Angle Difference ::  6.3611093629270335e-15 LHD ::  10.1802192926
[[45, 188], [59, 200]] [[44, 178], [59, 193]]
	After ::  [[45.480797594797352, 187.48079759479734], [58.519202405202648, 200.51920240520266]] [[44, 178], [59, 193]] Angle Difference ::  6.361109362927034e-14 LHD ::  7.76332642258
[[59, 200], [78, 206]] [[59, 193], [78, 202]]
	After ::  [[59.49657556350305, 198.7352200037646], [77.503424436496942, 207.2647799962354]] [[59, 193], [78, 202]] Angle Difference ::  4.770832022195275e-14 LHD ::  5.47197682945
[[78, 206], [99, 208]] [[78, 202], [101, 203]]
	After ::  [[77.962443625791479, 206.5418453750344], [99.037556374208521, 207.4581546249656]] [[78, 202], [101, 203]] Angle Difference ::  7.394789634402676e-14 LHD ::  4.45850357621
[[99, 208], [121, 206]] [[101, 203], [123, 202]]
	After ::  [[99, 208], [121, 206]] [[101.03386360011041, 203.49692149089904], [122.96613639988959, 201.50307850910096]] Angle Difference ::  6.679164831073386e-14 LHD ::  4.91377058369
[[121, 206], [142, 199]] [[123, 202], [141, 194]]
	After ::  [[121, 206], [142, 199]] [[122.65655309856153, 201.11448230047949], [141.34344690143845, 194.88551769952051]] Angle Difference ::  3.81666561775622e-14 LHD ::  4.68418275359
[[142, 199], [158, 188]] [[141, 194], [155, 181]]
	After ::  [[142, 199], [158, 188]] [[140.12835057173623, 192.91175898193134], [155.87164942826377, 182.08824101806866]] Angle Difference ::  1.90833280887811e-14 LHD ::  6.36947452922
[[158, 188], [169, 173]] [[155, 181], [166, 165]]
	After ::  [[158.2309773705652, 188.16403291554153], [168.7690226294348, 172.83596708445847]] [[155, 181], [166, 165]] Angle Difference ::  6.3611093629270335e-15 LHD ::  8.31082831805
[[169, 173], [178, 154]] [[166, 165], [172, 147]]
	After ::  [[169, 173], [178, 154]] [[164.93881634622574, 164.57360993574565], [173.06118365377426, 147.42639006425435]] Angle Difference ::  5.088887490341627e-14 LHD ::  9.35400843966
[[178, 154], [183, 134]] [[172, 147], [175, 127]]
	After ::  [[178, 154], [183, 134]] [[171.04751026865495, 146.80995892538022], [175.95248973134505, 127.19004107461978]] Angle Difference ::  0.0 LHD ::  10.0016943249
[[183, 134], [185, 111]] [[175, 127], [176, 107]]
	After ::  [[183, 134], [185, 111]] [[174.63262164209621, 126.97485111589341], [176.36737835790379, 107.02514888410659]] Angle Difference ::  7.63333123551244e-14 LHD ::  10.9254628853
[[185, 111], [186, 89]] [[176, 107], [176, 87]]
	After ::  [[185, 111], [186, 89]] [[176.4540766091865, 107.01031459789701], [175.5459233908135, 86.989685402102992]] Angle Difference ::  174.8002315878692 LHD ::  9.05722551235
[[21, 93], [186, 89]] [[26, 82], [176, 87]]
	After ::  [[21, 93], [186, 89]] [[25.9803859941177, 86.318657309233515], [176.01961400588229, 82.681342690766485]] Angle Difference ::  3.975693351829396e-15 LHD ::  8.23514474756
[[27, 64], [35, 51]] [[35, 61], [44, 50]]
	After ::  [[27, 64], [35, 51]] [[35.775588014841382, 61.552169475882749], [43.224411985158618, 49.447830524117251]] Angle Difference ::  1.2722218725854067e-14 LHD ::  8.66039598651
[[35, 51], [51, 46]] [[44, 50], [58, 47]]
	After ::  [[35, 51], [51, 46]] [[44.166963233007252, 50.635323989685233], [57.833036766992748, 46.364676010314767]] Angle Difference ::  6.3611093629270335e-15 LHD ::  6.97178352633
[[51, 46], [67, 49]] [[58, 47], [74, 48]]
	After ::  [[51, 46], [67, 49]] [[58.121680094823397, 46.022815017779386], [73.87831990517661, 48.977184982220614]] Angle Difference ::  1.5902773407317584e-15 LHD ::  6.88246907029
[[67, 49], [84, 56]] [[74, 48], [89, 53]]
	After ::  [[67, 49], [84, 56]] [[74.189777765866069, 47.489908491827208], [88.810222234133931, 53.510091508172792]] Angle Difference ::  2.2263882770244617e-14 LHD ::  5.47147579543
[[27, 64], [84, 56]] [[35, 61], [89, 53]]
	After ::  [[27, 64], [84, 56]] [[34.970234738690436, 60.793651264745201], [89.029765261309564, 53.206348735254799]] Angle Difference ::  3.1805546814635168e-15 LHD ::  6.00855997366
[[109, 55], [126, 47]] [[109, 53], [125, 48]]
	After ::  [[109, 55], [126, 47]] [[109.41623733950939, 54.068829487289698], [124.58376266049061, 46.931170512710302]] Angle Difference ::  0.0 LHD ::  0.84298348472
[[126, 47], [144, 42]] [[125, 48], [140, 47]]
	After ::  [[126, 47], [144, 42]] [[125.25757484933139, 49.511784764074612], [139.74242515066862, 45.488215235925388]] Angle Difference ::  2.5444437451708134e-14 LHD ::  3.56016906622
[[144, 42], [161, 46]] [[140, 47], [155, 51]]
	After ::  [[144, 42], [161, 46]] [[139.9442509132254, 47.222176685464802], [155.0557490867746, 50.777823314535198]] Angle Difference ::  1.2722218725854067e-14 LHD ::  6.34928326971
[[161, 46], [172, 59]] [[155, 51], [165, 62]]
	After ::  [[161, 46], [172, 59]] [[155.19868911578342, 50.825723500471319], [164.80131088421658, 62.174276499528681]] Angle Difference ::  0.0 LHD ::  7.4622581325
[[109, 55], [172, 59]] [[109, 53], [165, 62]]
	After ::  [[109, 55], [172, 59]] [[108.69768753545654, 55.703027780028989], [165.30231246454346, 59.296972219971011]] Angle Difference ::  5.565970692561154e-15 LHD ::  0.533098728824
[[84, 56], [109, 55]] [[89, 53], [109, 53]]
	After ::  [[84, 56], [109, 55]] [[89.007990412782107, 53.399680383488715], [108.99200958721789, 52.600319616511285]] Angle Difference ::  6.7586786981099735e-15 LHD ::  2.5997296692
[[84, 56], [97, 72]] [[89, 53], [100, 76]]
	After ::  [[86.052658529655474, 54.701013289279643], [94.947341470344526, 73.298986710720357]] [[89, 53], [100, 76]] Angle Difference ::  3.81666561775622e-14 LHD ::  3.86620566017
[[109, 55], [97, 72]] [[109, 53], [100, 76]]
	After ::  [[111.20867037467475, 56.188953486942289], [94.791329625325247, 70.811046513057704]] [[109, 53], [100, 76]] Angle Difference ::  26.939542873254325 LHD ::  5.60372972406
[[97, 72], [97, 84]] [[100, 76], [100, 89]]
	After ::  [[97, 72], [97, 84]] [[100, 76], [100, 89]] Angle Difference ::  0.0 LHD ::  5.0
[[97, 84], [97, 96]] [[100, 89], [100, 102]]
	After ::  [[97, 84], [97, 96]] [[100, 89], [100, 102]] Angle Difference ::  0.0 LHD ::  5.830951894845301
[[97, 96], [97, 108]] [[100, 102], [100, 116]]
	After ::  [[97, 96], [97, 108]] [[100, 102], [100, 116]] Angle Difference ::  0.0 LHD ::  6.708203932499369
[[97, 108], [80, 127]] [[100, 116], [82, 125]]
	After ::  [[97, 108], [80, 127]] [[102.29050615230123, 118.9988460650751], [79.709493847698766, 122.0011539349249]] Angle Difference ::  40.606362958484816 LHD ::  8.63109960348
[[80, 127], [89, 128]] [[82, 125], [91, 128]]
	After ::  [[80.204653681017092, 126.06821789367237], [88.795346318982908, 128.93178210632763]] [[82, 125], [91, 128]] Angle Difference ::  5.724998426634331e-14 LHD ::  2.06584819825
[[89, 128], [97, 130]] [[91, 128], [100, 130]]
	After ::  [[88.975077640500373, 128.10557280900008], [97.024922359499627, 129.89442719099992]] [[91, 128], [100, 130]] Angle Difference ::  4.4527765540489235e-14 LHD ::  2.04728509944
[[97, 130], [107, 128]] [[100, 130], [110, 128]]
	After ::  [[97, 130], [107, 128]] [[100, 130], [110, 128]] Angle Difference ::  0.0 LHD ::  3.0000000000000004
[[107, 128], [117, 127]] [[110, 128], [119, 125]]
	After ::  [[107, 128], [117, 127]] [[109.78012418354335, 126.97198758164566], [119.21987581645665, 126.02801241835434]] Angle Difference ::  1.749305074804934e-14 LHD ::  2.45165426426
[[97, 72], [117, 127]] [[100, 76], [119, 125]]
	After ::  [[97, 72], [117, 127]] [[100.51989221855197, 75.804703601017934], [118.48010778144803, 125.19529639898207]] Angle Difference ::  1.2722218725854067e-14 LHD ::  2.60443447809
[[117, 127], [97, 108]] [[119, 125], [100, 116]]
	After ::  [[117, 127], [97, 108]] [[117.12112011109262, 127.74006410553798], [101.87887988890738, 113.25993589446202]] Angle Difference ::  3.81666561775622e-14 LHD ::  0.756645622854
[[43, 83], [52, 76]] [[52, 80], [60, 76]]
	After ::  [[43, 83], [52, 76]] [[52.469909567512687, 80.74562589193458], [59.530090432487313, 75.25437410806542]] Angle Difference ::  3.81666561775622e-14 LHD ::  8.43157029893
[[52, 76], [64, 75]] [[60, 76], [71, 76]]
	After ::  [[52, 76], [64, 75]] [[60.018998329653165, 76.456750139195563], [70.981001670346842, 75.543249860804437]] Angle Difference ::  6.997220299219736e-14 LHD ::  7.00211057573
[[64, 75], [76, 82]] [[71, 76], [81, 82]]
	After ::  [[64, 75], [76, 82]] [[70.963346781078883, 76.061952288962686], [81.036653218921117, 81.938047711037314]] Angle Difference ::  4.4527765540489235e-14 LHD ::  5.06364134045
[[76, 82], [65, 86]] [[81, 82], [71, 85]]
	After ::  [[76, 82], [65, 86]] [[81.094134301861175, 82.283951162959568], [70.905865698138825, 84.716048837040432]] Angle Difference ::  6.556981434372615 LHD ::  5.33418956487
[[65, 86], [52, 87]] [[71, 85], [60, 85]]
	After ::  [[65, 86], [52, 87]] [[70.983799670258705, 84.578169256133947], [60.016200329741302, 85.421830743866053]] Angle Difference ::  8.74652537402467e-15 LHD ::  6.19974424752
[[43, 83], [52, 87]] [[52, 80], [60, 85]]
	After ::  [[43, 83], [52, 87]] [[51.689559546030537, 80.584248687124685], [60.310440453969463, 84.415751312875315]] Angle Difference ::  1.5902773407317584e-14 LHD ::  8.72227142009
[[122, 81], [133, 73]] [[119, 82], [129, 76]]
	After ::  [[122, 81], [133, 73]] [[119.28429879680256, 82.429600875052685], [128.71570120319745, 75.570399124947315]] Angle Difference ::  3.180554681463517e-14 LHD ::  3.91800688733
[[133, 73], [146, 73]] [[129, 76], [140, 76]]
	After ::  [[133, 73], [146, 73]] [[129, 76], [140, 76]] Angle Difference ::  0.0 LHD ::  5.0
[[146, 73], [156, 80]] [[140, 76], [148, 81]]
	After ::  [[146, 73], [156, 80]] [[140.13569075952245, 75.794983531665707], [147.86430924047755, 81.205016468334293]] Angle Difference ::  5.724998426634331e-14 LHD ::  6.83334146759
[[156, 80], [147, 84]] [[148, 81], [141, 85]]
	After ::  [[156, 80], [147, 84]] [[147.8163078808258, 80.637196497410741], [141.1836921191742, 85.362803502589259]] Angle Difference ::  11.506628434797546 LHD ::  6.16198948935
[[147, 84], [134, 84]] [[141, 85], [130, 85]]
	After ::  [[147, 84], [134, 84]] [[141, 85], [130, 85]] Angle Difference ::  0.0 LHD ::  4.123105625617661
[[122, 81], [134, 84]] [[119, 82], [130, 85]]
	After ::  [[122, 81], [134, 84]] [[118.96933681245028, 82.117334203112563], [130.03066318754972, 84.882665796887437]] Angle Difference ::  6.997220299219736e-14 LHD ::  3.21922868164
[[65, 162], [75, 155]] [[71, 152], [81, 146]]
	After ::  [[65, 162], [75, 155]] [[71.223098080731745, 152.34383134348778], [80.776901919268255, 145.65616865651222]] Angle Difference ::  0.0 LHD ::  11.24090673
[[75, 155], [87, 149]] [[81, 146], [93, 143]]
	After ::  [[75, 155], [87, 149]] [[81.468273325624267, 147.26586333718785], [92.531726674375733, 141.73413666281215]] Angle Difference ::  1.1449996853268662e-13 LHD ::  9.5439312843
[[87, 149], [97, 152]] [[93, 143], [101, 145]]
	After ::  [[87, 149], [97, 152]] [[93.050781055040204, 142.81523431651206], [100.9492189449598, 145.18476568348794]] Angle Difference ::  0.0 LHD ::  7.47629369855
[[97, 152], [106, 149]] [[101, 145], [110, 143]]
	After ::  [[97, 152], [106, 149]] [[101.12678607886602, 145.45773797371132], [109.87321392113398, 142.54226202628868]] Angle Difference ::  1.1131941385122308e-13 LHD ::  7.60852403436
[[106, 149], [120, 154]] [[110, 143], [122, 147]]
	After ::  [[106, 149], [120, 154]] [[110.04390118263876, 142.87282185094242], [121.95609881736124, 147.12717814905758]] Angle Difference ::  0.0 LHD ::  6.5870433269
[[120, 154], [133, 162]] [[122, 147], [133, 153]]
	After ::  [[120, 154], [133, 162]] [[122.16437593901409, 146.7165390393933], [132.83562406098591, 153.2834609606067]] Angle Difference ::  6.997220299219736e-14 LHD ::  7.78753030616
[[133, 162], [120, 169]] [[133, 153], [122, 164]]
	After ::  [[134.27984674554472, 163.72015325445528], [118.72015325445527, 167.27984674554472]] [[133, 153], [122, 164]] Angle Difference ::  32.113828140122585 LHD ::  8.29541351217
[[120, 169], [107, 173]] [[122, 164], [110, 168]]
	After ::  [[120, 169], [107, 173]] [[121.95512278532139, 163.85996221990112], [110.04487721467861, 168.14003778009888]] Angle Difference ::  2.66371994546201 LHD ::  5.53873375501
[[107, 173], [97, 174]] [[110, 168], [101, 169]]
	After ::  [[107, 173], [97, 174]] [[109.99477750793922, 167.95052224920607], [101.00522249206078, 169.04947775079393]] Angle Difference ::  1.2591212051163698 LHD ::  5.876797996
[[97, 174], [87, 173]] [[101, 169], [92, 168]]
	After ::  [[97, 174], [87, 173]] [[101.00522249206078, 168.95052224920607], [91.994777507939219, 168.04947775079393]] Angle Difference ::  5.486456825524566e-14 LHD ::  6.37477515451
[[87, 173], [75, 169]] [[92, 168], [80, 162]]
	After ::  [[86.656854249492383, 173.82842712474618], [75.343145750507617, 168.17157287525382]] [[92, 168], [80, 162]] Angle Difference ::  5.724998426634331e-14 LHD ::  7.59994692462
[[75, 169], [70, 162]] [[80, 162], [75, 153]]
	After ::  [[74.588829228819293, 169.25989261187473], [70.411170771180707, 161.74010738812527]] [[80, 162], [75, 153]] Angle Difference ::  3.81666561775622e-14 LHD ::  9.00293897556
[[70, 162], [87, 159]] [[75, 153], [93, 154]]
	After ::  [[69.881950961454834, 160.0212194978586], [87.118049038545166, 160.9787805021414]] [[75, 153], [93, 154]] Angle Difference ::  4.2142349529391595e-14 LHD ::  8.65600934275
[[87, 159], [97, 160]] [[93, 154], [101, 154]]
	After ::  [[87, 159], [97, 160]] [[93.019851239160047, 153.60198512391599], [100.98014876083995, 154.39801487608401]] Angle Difference ::  1.4153468332512649e-13 LHD ::  6.72035868249
[[97, 160], [106, 159]] [[101, 154], [110, 153]]
	After ::  [[97, 160], [106, 159]] [[101, 154], [110, 153]] Angle Difference ::  0.0 LHD ::  7.211102550927978
[[106, 159], [128, 162]] [[110, 153], [129, 154]]
	After ::  [[106, 159], [128, 162]] [[110.07408518060153, 152.21464797917292], [128.92591481939849, 154.78535202082708]] Angle Difference ::  6.838192565146562e-14 LHD ::  6.86400131231
[[128, 162], [106, 160]] [[129, 154], [110, 154]]
	After ::  [[128, 162], [106, 160]] [[128.96098546144319, 154.86008958740393], [110.03901453855681, 153.13991041259607]] Angle Difference ::  4.6913181551586875e-14 LHD ::  6.9328919785
[[106, 160], [97, 161]] [[110, 154], [101, 155]]
	After ::  [[106, 160], [97, 161]] [[110, 154], [101, 155]] Angle Difference ::  0.0 LHD ::  7.211102550927978
[[97, 161], [87, 160]] [[101, 155], [92, 154]]
	After ::  [[97, 161], [87, 160]] [[101.00522249206078, 154.95052224920607], [91.994777507939219, 154.04947775079393]] Angle Difference ::  5.486456825524566e-14 LHD ::  7.17918952835
[[65, 162], [87, 160]] [[71, 152], [92, 154]]
	After ::  [[65, 162], [87, 160]] [[70.995804897370846, 153.95492682751174], [92.004195102629154, 152.04507317248826]] Angle Difference ::  0.0 LHD ::  9.47817931399
[[97, 152], [97, 174]] [[101, 145], [101, 169]]
	After ::  [[97, 152], [97, 174]] [[101, 145], [101, 169]] Angle Difference ::  0.0 LHD ::  6.403124237432848
[[65, 162], [133, 162]] [[71, 152], [133, 153]]
	After ::  [[65, 162], [133, 162]] [[70.995968004145013, 152.5], [133.004031995855, 152.5]] Angle Difference ::  0.0 LHD ::  9.50000085919
[[22, 113], [185, 111]] [[26, 102], [176, 107]]
	After ::  [[22, 113], [185, 111]] [[25.96399307614405, 105.4206872015197], [176.03600692385595, 103.5793127984803]] Angle Difference ::  5.367186024969684e-15 LHD ::  8.50997585844
[[25, 133], [183, 134]] [[27, 122], [175, 127]]
	After ::  [[25, 133], [183, 134]] [[26.959265248354072, 124.03138775473641], [175.04073475164594, 124.96861224526359]] Angle Difference ::  2.9320738469741797e-15 LHD ::  9.19222458406
[[29, 153], [178, 154]] [[28, 142], [172, 147]]
	After ::  [[29, 153], [178, 154]] [[27.958232767264278, 144.01649820649172], [172.04176723273571, 144.98350179350828]] Angle Difference ::  9.243487043003345e-15 LHD ::  9.04370411146
[[34, 172], [169, 173]] [[33, 161], [166, 165]]
	After ::  [[34, 172], [169, 173]] [[32.971756776656981, 162.50719819834561], [166.02824322334303, 163.49280180165439]] Angle Difference ::  1.441188840038156e-15 LHD ::  9.54832814871
[[45, 188], [158, 188]] [[44, 178], [155, 181]]
	After ::  [[45, 188], [158, 188]] [[43.979733430034756, 179.5], [155.02026656996523, 179.5]] Angle Difference ::  0.0 LHD ::  8.56101304793
[[59, 200], [142, 199]] [[59, 193], [141, 194]]
	After ::  [[59, 200], [142, 199]] [[58.999926988630975, 193.99397678326952], [141.00007301136901, 193.00602321673048]] Angle Difference ::  1.4710065401768764e-14 LHD ::  6.00602324593
[[78, 206], [121, 206]] [[78, 202], [123, 202]]
	After ::  [[78, 206], [121, 206]] [[78, 202], [123, 202]] Angle Difference ::  0.0 LHD ::  4.0
[[97.5, 44.0], [99, 208]] [[99.0, 47.0], [101, 203]]
	After ::  [[97.5, 44.0], [99, 208]] [[99.286556578999821, 46.996852637313211], [100.71344342100018, 203.0031473626868]] Angle Difference ::  0.0 LHD ::  3.46615289938
[[26, 82], [26, 102]] [[21, 93], [22, 113]]
	After ::  [[25.500623830561079, 82.012476611221558], [26.499376169438921, 101.98752338877844]] [[21, 93], [22, 113]] Angle Difference ::  0.0 LHD ::  11.8731401835
[[26, 102], [27, 122]] [[22, 113], [25, 133]]
	After ::  [[25.014742372499338, 102.09828248332892], [27.985257627500662, 121.90171751667108]] [[22, 113], [25, 133]] Angle Difference ::  0.0 LHD ::  11.3074092935
[[27, 122], [28, 142]] [[25, 133], [29, 153]]
	After ::  [[25.536388727174028, 122.18194363587014], [29.463611272825972, 141.81805636412986]] [[25, 133], [29, 153]] Angle Difference ::  0.0 LHD ::  10.8421106036
[[28, 142], [33, 161]] [[29, 153], [34, 172]]
	After ::  [[28, 142], [33, 161]] [[29, 153], [34, 172]] Angle Difference ::  0.0 LHD ::  11.045361017187261
[[33, 161], [44, 178]] [[34, 172], [45, 188]]
	After ::  [[33, 161], [44, 178]] [[34.225984082083272, 171.84924812685597], [44.774015917916728, 188.15075187314403]] Angle Difference ::  6.3611093629270335e-15 LHD ::  10.1802192926
[[44, 178], [59, 193]] [[45, 188], [59, 200]]
	After ::  [[44, 178], [59, 193]] [[45.480797594797352, 187.48079759479734], [58.519202405202648, 200.51920240520266]] Angle Difference ::  6.361109362927034e-14 LHD ::  7.76332642258
[[59, 193], [78, 202]] [[59, 200], [78, 206]]
	After ::  [[59, 193], [78, 202]] [[59.49657556350305, 198.7352200037646], [77.503424436496942, 207.2647799962354]] Angle Difference ::  4.770832022195275e-14 LHD ::  5.47197682945
[[78, 202], [101, 203]] [[78, 206], [99, 208]]
	After ::  [[78, 202], [101, 203]] [[77.962443625791479, 206.5418453750344], [99.037556374208521, 207.4581546249656]] Angle Difference ::  7.394789634402676e-14 LHD ::  4.45850357621
[[101, 203], [123, 202]] [[99, 208], [121, 206]]
	After ::  [[101.03386360011041, 203.49692149089904], [122.96613639988959, 201.50307850910096]] [[99, 208], [121, 206]] Angle Difference ::  6.679164831073386e-14 LHD ::  4.91377058369
[[123, 202], [141, 194]] [[121, 206], [142, 199]]
	After ::  [[122.65655309856153, 201.11448230047949], [141.34344690143845, 194.88551769952051]] [[121, 206], [142, 199]] Angle Difference ::  3.81666561775622e-14 LHD ::  4.68418275359
[[141, 194], [155, 181]] [[142, 199], [158, 188]]
	After ::  [[140.12835057173623, 192.91175898193134], [155.87164942826377, 182.08824101806866]] [[142, 199], [158, 188]] Angle Difference ::  1.90833280887811e-14 LHD ::  6.36947452922
[[155, 181], [166, 165]] [[158, 188], [169, 173]]
	After ::  [[155, 181], [166, 165]] [[158.2309773705652, 188.16403291554153], [168.7690226294348, 172.83596708445847]] Angle Difference ::  6.3611093629270335e-15 LHD ::  8.31082831805
[[166, 165], [172, 147]] [[169, 173], [178, 154]]
	After ::  [[164.93881634622574, 164.57360993574565], [173.06118365377426, 147.42639006425435]] [[169, 173], [178, 154]] Angle Difference ::  5.088887490341627e-14 LHD ::  9.35400843966
[[172, 147], [175, 127]] [[178, 154], [183, 134]]
	After ::  [[171.04751026865495, 146.80995892538022], [175.95248973134505, 127.19004107461978]] [[178, 154], [183, 134]] Angle Difference ::  0.0 LHD ::  10.0016943249
[[175, 127], [176, 107]] [[183, 134], [185, 111]]
	After ::  [[174.63262164209621, 126.97485111589341], [176.36737835790379, 107.02514888410659]] [[183, 134], [185, 111]] Angle Difference ::  7.63333123551244e-14 LHD ::  10.9254628853
[[176, 107], [176, 87]] [[185, 111], [186, 89]]
	After ::  [[176.4540766091865, 107.01031459789701], [175.5459233908135, 86.989685402102992]] [[185, 111], [186, 89]] Angle Difference ::  174.8002315878692 LHD ::  9.05722551235
[[26, 82], [176, 87]] [[21, 93], [186, 89]]
	After ::  [[25.9803859941177, 86.318657309233515], [176.01961400588229, 82.681342690766485]] [[21, 93], [186, 89]] Angle Difference ::  3.975693351829396e-15 LHD ::  8.23514474756
[[35, 61], [44, 50]] [[27, 64], [35, 51]]
	After ::  [[35.775588014841382, 61.552169475882749], [43.224411985158618, 49.447830524117251]] [[27, 64], [35, 51]] Angle Difference ::  1.2722218725854067e-14 LHD ::  8.66039598651
[[44, 50], [58, 47]] [[35, 51], [51, 46]]
	After ::  [[44.166963233007252, 50.635323989685233], [57.833036766992748, 46.364676010314767]] [[35, 51], [51, 46]] Angle Difference ::  6.3611093629270335e-15 LHD ::  6.97178352633
[[58, 47], [74, 48]] [[51, 46], [67, 49]]
	After ::  [[58.121680094823397, 46.022815017779386], [73.87831990517661, 48.977184982220614]] [[51, 46], [67, 49]] Angle Difference ::  1.5902773407317584e-15 LHD ::  6.88246907029
[[74, 48], [89, 53]] [[67, 49], [84, 56]]
	After ::  [[74.189777765866069, 47.489908491827208], [88.810222234133931, 53.510091508172792]] [[67, 49], [84, 56]] Angle Difference ::  2.2263882770244617e-14 LHD ::  5.47147579543
[[35, 61], [89, 53]] [[27, 64], [84, 56]]
	After ::  [[34.970234738690436, 60.793651264745201], [89.029765261309564, 53.206348735254799]] [[27, 64], [84, 56]] Angle Difference ::  3.1805546814635168e-15 LHD ::  6.00855997366
[[109, 53], [125, 48]] [[109, 55], [126, 47]]
	After ::  [[109.41623733950939, 54.068829487289698], [124.58376266049061, 46.931170512710302]] [[109, 55], [126, 47]] Angle Difference ::  0.0 LHD ::  0.84298348472
[[125, 48], [140, 47]] [[126, 47], [144, 42]]
	After ::  [[125.25757484933139, 49.511784764074612], [139.74242515066862, 45.488215235925388]] [[126, 47], [144, 42]] Angle Difference ::  2.5444437451708134e-14 LHD ::  3.56016906622
[[140, 47], [155, 51]] [[144, 42], [161, 46]]
	After ::  [[139.9442509132254, 47.222176685464802], [155.0557490867746, 50.777823314535198]] [[144, 42], [161, 46]] Angle Difference ::  1.2722218725854067e-14 LHD ::  6.34928326971
[[155, 51], [165, 62]] [[161, 46], [172, 59]]
	After ::  [[155.19868911578342, 50.825723500471319], [164.80131088421658, 62.174276499528681]] [[161, 46], [172, 59]] Angle Difference ::  0.0 LHD ::  7.4622581325
[[109, 53], [165, 62]] [[109, 55], [172, 59]]
	After ::  [[108.69768753545654, 55.703027780028989], [165.30231246454346, 59.296972219971011]] [[109, 55], [172, 59]] Angle Difference ::  5.565970692561154e-15 LHD ::  0.533098728824
[[89, 53], [109, 53]] [[84, 56], [109, 55]]
	After ::  [[89.007990412782107, 53.399680383488715], [108.99200958721789, 52.600319616511285]] [[84, 56], [109, 55]] Angle Difference ::  6.7586786981099735e-15 LHD ::  2.5997296692
[[89, 53], [100, 76]] [[84, 56], [97, 72]]
	After ::  [[89, 53], [100, 76]] [[86.052658529655474, 54.701013289279643], [94.947341470344526, 73.298986710720357]] Angle Difference ::  3.81666561775622e-14 LHD ::  3.86620566017
[[109, 53], [100, 76]] [[109, 55], [97, 72]]
	After ::  [[109, 53], [100, 76]] [[111.20867037467475, 56.188953486942289], [94.791329625325247, 70.811046513057704]] Angle Difference ::  26.939542873254325 LHD ::  5.60372972406
[[100, 76], [100, 89]] [[97, 72], [97, 84]]
	After ::  [[100, 76], [100, 89]] [[97, 72], [97, 84]] Angle Difference ::  0.0 LHD ::  5.0
[[100, 89], [100, 102]] [[97, 84], [97, 96]]
	After ::  [[100, 89], [100, 102]] [[97, 84], [97, 96]] Angle Difference ::  0.0 LHD ::  5.830951894845301
[[100, 102], [100, 116]] [[97, 96], [97, 108]]
	After ::  [[100, 102], [100, 116]] [[97, 96], [97, 108]] Angle Difference ::  0.0 LHD ::  6.708203932499369
[[100, 116], [82, 125]] [[97, 108], [80, 127]]
	After ::  [[102.29050615230123, 118.9988460650751], [79.709493847698766, 122.0011539349249]] [[97, 108], [80, 127]] Angle Difference ::  40.606362958484816 LHD ::  8.63109960348
[[82, 125], [91, 128]] [[80, 127], [89, 128]]
	After ::  [[82, 125], [91, 128]] [[80.204653681017092, 126.06821789367237], [88.795346318982908, 128.93178210632763]] Angle Difference ::  5.724998426634331e-14 LHD ::  2.06584819825
[[91, 128], [100, 130]] [[89, 128], [97, 130]]
	After ::  [[91, 128], [100, 130]] [[88.975077640500373, 128.10557280900008], [97.024922359499627, 129.89442719099992]] Angle Difference ::  4.4527765540489235e-14 LHD ::  2.04728509944
[[100, 130], [110, 128]] [[97, 130], [107, 128]]
	After ::  [[100, 130], [110, 128]] [[97, 130], [107, 128]] Angle Difference ::  0.0 LHD ::  3.0000000000000004
[[110, 128], [119, 125]] [[107, 128], [117, 127]]
	After ::  [[109.78012418354335, 126.97198758164566], [119.21987581645665, 126.02801241835434]] [[107, 128], [117, 127]] Angle Difference ::  1.749305074804934e-14 LHD ::  2.45165426426
[[100, 76], [119, 125]] [[97, 72], [117, 127]]
	After ::  [[100.51989221855197, 75.804703601017934], [118.48010778144803, 125.19529639898207]] [[97, 72], [117, 127]] Angle Difference ::  1.2722218725854067e-14 LHD ::  2.60443447809
[[119, 125], [100, 116]] [[117, 127], [97, 108]]
	After ::  [[117.12112011109262, 127.74006410553798], [101.87887988890738, 113.25993589446202]] [[117, 127], [97, 108]] Angle Difference ::  3.81666561775622e-14 LHD ::  0.756645622854
[[52, 80], [60, 76]] [[43, 83], [52, 76]]
	After ::  [[52.469909567512687, 80.74562589193458], [59.530090432487313, 75.25437410806542]] [[43, 83], [52, 76]] Angle Difference ::  3.81666561775622e-14 LHD ::  8.43157029893
[[60, 76], [71, 76]] [[52, 76], [64, 75]]
	After ::  [[60.018998329653165, 76.456750139195563], [70.981001670346842, 75.543249860804437]] [[52, 76], [64, 75]] Angle Difference ::  6.997220299219736e-14 LHD ::  7.00211057573
[[71, 76], [81, 82]] [[64, 75], [76, 82]]
	After ::  [[70.963346781078883, 76.061952288962686], [81.036653218921117, 81.938047711037314]] [[64, 75], [76, 82]] Angle Difference ::  4.4527765540489235e-14 LHD ::  5.06364134045
[[81, 82], [71, 85]] [[76, 82], [65, 86]]
	After ::  [[81.094134301861175, 82.283951162959568], [70.905865698138825, 84.716048837040432]] [[76, 82], [65, 86]] Angle Difference ::  6.556981434372615 LHD ::  5.33418956487
[[71, 85], [60, 85]] [[65, 86], [52, 87]]
	After ::  [[70.983799670258705, 84.578169256133947], [60.016200329741302, 85.421830743866053]] [[65, 86], [52, 87]] Angle Difference ::  8.74652537402467e-15 LHD ::  6.19974424752
[[52, 80], [60, 85]] [[43, 83], [52, 87]]
	After ::  [[51.689559546030537, 80.584248687124685], [60.310440453969463, 84.415751312875315]] [[43, 83], [52, 87]] Angle Difference ::  1.5902773407317584e-14 LHD ::  8.72227142009
[[119, 82], [129, 76]] [[122, 81], [133, 73]]
	After ::  [[119.28429879680256, 82.429600875052685], [128.71570120319745, 75.570399124947315]] [[122, 81], [133, 73]] Angle Difference ::  3.180554681463517e-14 LHD ::  3.91800688733
[[129, 76], [140, 76]] [[133, 73], [146, 73]]
	After ::  [[129, 76], [140, 76]] [[133, 73], [146, 73]] Angle Difference ::  0.0 LHD ::  5.0
[[140, 76], [148, 81]] [[146, 73], [156, 80]]
	After ::  [[140.13569075952245, 75.794983531665707], [147.86430924047755, 81.205016468334293]] [[146, 73], [156, 80]] Angle Difference ::  5.724998426634331e-14 LHD ::  6.83334146759
[[148, 81], [141, 85]] [[156, 80], [147, 84]]
	After ::  [[147.8163078808258, 80.637196497410741], [141.1836921191742, 85.362803502589259]] [[156, 80], [147, 84]] Angle Difference ::  11.506628434797546 LHD ::  6.16198948935
[[141, 85], [130, 85]] [[147, 84], [134, 84]]
	After ::  [[141, 85], [130, 85]] [[147, 84], [134, 84]] Angle Difference ::  0.0 LHD ::  4.123105625617661
[[119, 82], [130, 85]] [[122, 81], [134, 84]]
	After ::  [[118.96933681245028, 82.117334203112563], [130.03066318754972, 84.882665796887437]] [[122, 81], [134, 84]] Angle Difference ::  6.997220299219736e-14 LHD ::  3.21922868164
[[71, 152], [81, 146]] [[65, 162], [75, 155]]
	After ::  [[71.223098080731745, 152.34383134348778], [80.776901919268255, 145.65616865651222]] [[65, 162], [75, 155]] Angle Difference ::  0.0 LHD ::  11.24090673
[[81, 146], [93, 143]] [[75, 155], [87, 149]]
	After ::  [[81.468273325624267, 147.26586333718785], [92.531726674375733, 141.73413666281215]] [[75, 155], [87, 149]] Angle Difference ::  1.1449996853268662e-13 LHD ::  9.5439312843
[[93, 143], [101, 145]] [[87, 149], [97, 152]]
	After ::  [[93.050781055040204, 142.81523431651206], [100.9492189449598, 145.18476568348794]] [[87, 149], [97, 152]] Angle Difference ::  0.0 LHD ::  7.47629369855
[[101, 145], [110, 143]] [[97, 152], [106, 149]]
	After ::  [[101.12678607886602, 145.45773797371132], [109.87321392113398, 142.54226202628868]] [[97, 152], [106, 149]] Angle Difference ::  1.1131941385122308e-13 LHD ::  7.60852403436
[[110, 143], [122, 147]] [[106, 149], [120, 154]]
	After ::  [[110.04390118263876, 142.87282185094242], [121.95609881736124, 147.12717814905758]] [[106, 149], [120, 154]] Angle Difference ::  0.0 LHD ::  6.5870433269
[[122, 147], [133, 153]] [[120, 154], [133, 162]]
	After ::  [[122.16437593901409, 146.7165390393933], [132.83562406098591, 153.2834609606067]] [[120, 154], [133, 162]] Angle Difference ::  6.997220299219736e-14 LHD ::  7.78753030616
[[133, 153], [122, 164]] [[133, 162], [120, 169]]
	After ::  [[133, 153], [122, 164]] [[134.27984674554472, 163.72015325445528], [118.72015325445527, 167.27984674554472]] Angle Difference ::  32.113828140122585 LHD ::  8.29541351217
[[122, 164], [110, 168]] [[120, 169], [107, 173]]
	After ::  [[121.95512278532139, 163.85996221990112], [110.04487721467861, 168.14003778009888]] [[120, 169], [107, 173]] Angle Difference ::  2.66371994546201 LHD ::  5.53873375501
[[110, 168], [101, 169]] [[107, 173], [97, 174]]
	After ::  [[109.99477750793922, 167.95052224920607], [101.00522249206078, 169.04947775079393]] [[107, 173], [97, 174]] Angle Difference ::  1.2591212051163698 LHD ::  5.876797996
[[101, 169], [92, 168]] [[97, 174], [87, 173]]
	After ::  [[101.00522249206078, 168.95052224920607], [91.994777507939219, 168.04947775079393]] [[97, 174], [87, 173]] Angle Difference ::  5.486456825524566e-14 LHD ::  6.37477515451
[[92, 168], [80, 162]] [[87, 173], [75, 169]]
	After ::  [[92, 168], [80, 162]] [[86.656854249492383, 173.82842712474618], [75.343145750507617, 168.17157287525382]] Angle Difference ::  5.724998426634331e-14 LHD ::  7.59994692462
[[80, 162], [75, 153]] [[75, 169], [70, 162]]
	After ::  [[80, 162], [75, 153]] [[74.588829228819293, 169.25989261187473], [70.411170771180707, 161.74010738812527]] Angle Difference ::  3.81666561775622e-14 LHD ::  9.00293897556
[[75, 153], [93, 154]] [[70, 162], [87, 159]]
	After ::  [[75, 153], [93, 154]] [[69.881950961454834, 160.0212194978586], [87.118049038545166, 160.9787805021414]] Angle Difference ::  4.2142349529391595e-14 LHD ::  8.65600934275
[[93, 154], [101, 154]] [[87, 159], [97, 160]]
	After ::  [[93.019851239160047, 153.60198512391599], [100.98014876083995, 154.39801487608401]] [[87, 159], [97, 160]] Angle Difference ::  1.4153468332512649e-13 LHD ::  6.72035868249
[[101, 154], [110, 153]] [[97, 160], [106, 159]]
	After ::  [[101, 154], [110, 153]] [[97, 160], [106, 159]] Angle Difference ::  0.0 LHD ::  7.211102550927978
[[110, 153], [129, 154]] [[106, 159], [128, 162]]
	After ::  [[110.07408518060153, 152.21464797917292], [128.92591481939849, 154.78535202082708]] [[106, 159], [128, 162]] Angle Difference ::  6.838192565146562e-14 LHD ::  6.86400131231
[[129, 154], [110, 154]] [[128, 162], [106, 160]]
	After ::  [[128.96098546144319, 154.86008958740393], [110.03901453855681, 153.13991041259607]] [[128, 162], [106, 160]] Angle Difference ::  4.6913181551586875e-14 LHD ::  6.9328919785
[[110, 154], [101, 155]] [[106, 160], [97, 161]]
	After ::  [[110, 154], [101, 155]] [[106, 160], [97, 161]] Angle Difference ::  0.0 LHD ::  7.211102550927978
[[101, 155], [92, 154]] [[97, 161], [87, 160]]
	After ::  [[101.00522249206078, 154.95052224920607], [91.994777507939219, 154.04947775079393]] [[97, 161], [87, 160]] Angle Difference ::  5.486456825524566e-14 LHD ::  7.17918952835
[[71, 152], [92, 154]] [[65, 162], [87, 160]]
	After ::  [[70.995804897370846, 153.95492682751174], [92.004195102629154, 152.04507317248826]] [[65, 162], [87, 160]] Angle Difference ::  0.0 LHD ::  9.47817931399
[[101, 145], [101, 169]] [[97, 152], [97, 174]]
	After ::  [[101, 145], [101, 169]] [[97, 152], [97, 174]] Angle Difference ::  0.0 LHD ::  6.403124237432848
[[71, 152], [133, 153]] [[65, 162], [133, 162]]
	After ::  [[70.995968004145013, 152.5], [133.004031995855, 152.5]] [[65, 162], [133, 162]] Angle Difference ::  0.0 LHD ::  9.50000085919
[[26, 102], [176, 107]] [[22, 113], [185, 111]]
	After ::  [[25.96399307614405, 105.4206872015197], [176.03600692385595, 103.5793127984803]] [[22, 113], [185, 111]] Angle Difference ::  5.367186024969684e-15 LHD ::  8.50997585844
[[27, 122], [175, 127]] [[25, 133], [183, 134]]
	After ::  [[26.959265248354072, 124.03138775473641], [175.04073475164594, 124.96861224526359]] [[25, 133], [183, 134]] Angle Difference ::  2.9320738469741797e-15 LHD ::  9.19222458406
[[28, 142], [172, 147]] [[29, 153], [178, 154]]
	After ::  [[27.958232767264278, 144.01649820649172], [172.04176723273571, 144.98350179350828]] [[29, 153], [178, 154]] Angle Difference ::  9.243487043003345e-15 LHD ::  9.04370411146
[[33, 161], [166, 165]] [[34, 172], [169, 173]]
	After ::  [[32.971756776656981, 162.50719819834561], [166.02824322334303, 163.49280180165439]] [[34, 172], [169, 173]] Angle Difference ::  1.441188840038156e-15 LHD ::  9.54832814871
[[44, 178], [155, 181]] [[45, 188], [158, 188]]
	After ::  [[43.979733430034756, 179.5], [155.02026656996523, 179.5]] [[45, 188], [158, 188]] Angle Difference ::  0.0 LHD ::  8.56101304793
[[59, 193], [141, 194]] [[59, 200], [142, 199]]
	After ::  [[58.999926988630975, 193.99397678326952], [141.00007301136901, 193.00602321673048]] [[59, 200], [142, 199]] Angle Difference ::  1.4710065401768764e-14 LHD ::  6.00602324593
[[78, 202], [123, 202]] [[78, 206], [121, 206]]
	After ::  [[78, 202], [123, 202]] [[78, 206], [121, 206]] Angle Difference ::  0.0 LHD ::  4.0
[[99.0, 47.0], [101, 203]] [[97.5, 44.0], [99, 208]]
	After ::  [[99.286556578999821, 46.996852637313211], [100.71344342100018, 203.0031473626868]] [[97.5, 44.0], [99, 208]] Angle Difference ::  0.0 LHD ::  3.46615289938
