[[21, 93], [22, 113]] [[23, 82], [22, 104]]
	After ::  [[21.045356149356625, 113.00216471415425], [21.954643850643375, 92.997835285845753]] [[23, 82], [22, 104]] Angle Difference ::  0.0 LHD ::  14.4180748172
[[22, 113], [25, 133]] [[22, 104], [24, 124]]
	After ::  [[22, 113], [25, 133]] [[21.509196898470304, 104.06131265646869], [24.490803101529696, 123.93868734353131]] Angle Difference ::  0.0 LHD ::  8.95215197478
[[25, 133], [29, 153]] [[24, 124], [29, 145]]
	After ::  [[24.637924823035704, 133.07928425674996], [29.362075176964296, 152.92071574325004]] [[24, 124], [29, 145]] Angle Difference ::  0.0 LHD ::  7.92898720295
[[29, 153], [34, 172]] [[29, 145], [37, 163]]
	After ::  [[27.510322597853822, 153.52322584517111], [35.489677402146178, 171.47677415482889]] [[29, 145], [37, 163]] Angle Difference ::  3.81666561775622e-14 LHD ::  8.61484913517
[[34, 172], [45, 188]] [[37, 163], [49, 180]]
	After ::  [[33.901418853450146, 172.06867670905439], [45.098581146549854, 187.93132329094561]] [[37, 163], [49, 180]] Angle Difference ::  4.4527765540489235e-14 LHD ::  8.96526514011
[[45, 188], [59, 200]] [[49, 180], [64, 195]]
	After ::  [[45.480797594797352, 187.48079759479734], [58.519202405202648, 200.51920240520266]] [[49, 180], [64, 195]] Angle Difference ::  6.361109362927034e-14 LHD ::  7.90569634747
[[59, 200], [78, 206]] [[64, 195], [82, 201]]
	After ::  [[59, 200], [78, 206]] [[63.953520522767441, 195.14321700718972], [82.046479477232566, 200.85678299281028]] Angle Difference ::  9.54166404439055e-15 LHD ::  6.39435113438
[[78, 206], [99, 208]] [[82, 201], [103, 202]]
	After ::  [[78, 206], [99, 208]] [[82.035453111910016, 200.50337648684857], [102.96454688808998, 202.49662351315143]] Angle Difference ::  3.657637883683044e-14 LHD ::  6.77762705519
[[99, 208], [121, 206]] [[103, 202], [124, 202]]
	After ::  [[99, 208], [121, 206]] [[103.04312133208911, 202.95062533344645], [123.95687866791089, 201.04937466655355]] Angle Difference ::  4.929859756268451e-14 LHD ::  5.85524920269
[[121, 206], [142, 199]] [[124, 202], [143, 197]]
	After ::  [[121, 206], [142, 199]] [[124.18066525979457, 202.60644491340182], [142.81933474020545, 196.39355508659818]] Angle Difference ::  1.2722218725854067e-14 LHD ::  3.47882461375
[[142, 199], [158, 188]] [[143, 197], [157, 184]]
	After ::  [[142, 199], [158, 188]] [[142.12835057173623, 195.91175898193134], [157.87164942826377, 185.08824101806866]] Angle Difference ::  1.90833280887811e-14 LHD ::  3.02965048604
[[158, 188], [169, 173]] [[157, 184], [169, 167]]
	After ::  [[158.13653622656398, 188.09824034570104], [168.86346377343602, 172.90175965429896]] [[157, 184], [169, 167]] Angle Difference ::  3.81666561775622e-14 LHD ::  5.83760972545
[[169, 173], [178, 154]] [[169, 167], [177, 147]]
	After ::  [[169.59597908428441, 173.26005228928898], [177.40402091571559, 153.73994771071102]] [[169, 167], [177, 147]] Angle Difference ::  0.0 LHD ::  6.7520472965
[[178, 154], [183, 134]] [[177, 147], [183, 125]]
	After ::  [[177.78784785995157, 153.94455784684422], [183.21215214004843, 134.05544215315578]] [[177, 147], [183, 125]] Angle Difference ::  3.81666561775622e-14 LHD ::  9.05792698825
[[183, 134], [185, 111]] [[183, 125], [185, 103]]
	After ::  [[183, 134], [185, 111]] [[183.04314461246989, 125.0038369565963], [184.95685538753011, 102.9961630434037]] Angle Difference ::  0.0 LHD ::  8.9924394992
[[185, 111], [186, 89]] [[185, 103], [185, 81]]
	After ::  [[185, 111], [186, 89]] [[185.49948427010514, 103.01134605768671], [184.50051572989486, 80.988653942313292]] Angle Difference ::  174.80023158786923 LHD ::  8.01555452516
[[21, 93], [186, 89]] [[23, 82], [185, 81]]
	After ::  [[21, 93], [186, 89]] [[23.02224842502936, 83.463097007878076], [184.97775157497065, 79.536902992121924]] Angle Difference ::  1.987846675914698e-16 LHD ::  9.56699137193
[[27, 64], [35, 51]] [[32, 62], [42, 52]]
	After ::  [[27, 64], [35, 51]] [[33.294071563103365, 63.022133709957032], [40.705928436896635, 50.977866290042968]] Angle Difference ::  0.0 LHD ::  5.91117676916
[[35, 51], [51, 46]] [[42, 52], [57, 49]]
	After ::  [[35, 51], [51, 46]] [[42.199631949998654, 52.781365015625418], [56.800368050001346, 48.218634984374582]] Angle Difference ::  1.5902773407317584e-14 LHD ::  6.21021211728
[[51, 46], [67, 49]] [[57, 49], [73, 51]]
	After ::  [[51, 46], [67, 49]] [[57.075831095301623, 48.514218330369054], [72.924168904698377, 51.485781669630946]] Angle Difference ::  0.0 LHD ::  6.42455458066
[[67, 49], [84, 56]] [[73, 51], [88, 56]]
	After ::  [[67, 49], [84, 56]] [[73.189777765866069, 50.489908491827208], [87.810222234133931, 56.510091508172792]] Angle Difference ::  2.2263882770244617e-14 LHD ::  3.84421764464
[[27, 64], [84, 56]] [[32, 62], [88, 56]]
	After ::  [[27, 64], [84, 56]] [[32.113068404388919, 62.913955311664715], [87.886931595611074, 55.086044688335285]] Angle Difference ::  4.770832022195275e-15 LHD ::  4.05773542841
[[109, 55], [126, 47]] [[107, 57], [123, 51]]
	After ::  [[109, 55], [126, 47]] [[107.26922561956135, 57.638011473147593], [122.73077438043865, 50.361988526852407]] Angle Difference ::  3.498610149609868e-14 LHD ::  3.80480619714
[[126, 47], [144, 42]] [[123, 51], [140, 49]]
	After ::  [[126, 47], [144, 42]] [[123.25361501447374, 52.290662495979518], [139.74638498552625, 47.709337504020482]] Angle Difference ::  1.90833280887811e-14 LHD ::  6.35632487442
[[144, 42], [161, 46]] [[140, 49], [157, 53]]
	After ::  [[144, 42], [161, 46]] [[140, 49], [157, 53]] Angle Difference ::  0.0 LHD ::  8.06225774829855
[[161, 46], [172, 59]] [[157, 53], [170, 63]]
	After ::  [[161, 46], [172, 59]] [[158.20287976739996, 51.73976699783632], [168.79712023260004, 64.260233002163687]] Angle Difference ::  1.90833280887811e-14 LHD ::  6.2142363161
[[109, 55], [172, 59]] [[107, 57], [170, 63]]
	After ::  [[109.07875012320126, 54.007500011733455], [171.92124987679873, 59.992499988266545]] [[107, 57], [170, 63]] Angle Difference ::  2.3854160110976376e-15 LHD ::  3.55703629459
[[84, 56], [109, 55]] [[88, 56], [107, 57]]
	After ::  [[84, 56], [109, 55]] [[87.994452603352912, 56.88022189586588], [107.00554739664709, 56.11977810413412]] Angle Difference ::  2.2263882770244617e-14 LHD ::  2.2465709601
[[84, 56], [97, 72]] [[88, 56], [98, 75]]
	After ::  [[85.699195656691145, 54.878471747713171], [95.300804343308855, 73.121528252286822]] [[88, 56], [98, 75]] Angle Difference ::  0.0 LHD ::  2.55989417672
[[109, 55], [97, 72]] [[107, 57], [98, 75]]
	After ::  [[109, 55], [97, 72]] [[105.69723725909358, 56.220580549617424], [99.302762740906417, 75.779419450382576]] Angle Difference ::  17.11319814256821 LHD ::  4.31834405273
[[97, 72], [97, 84]] [[98, 75], [98, 92]]
	After ::  [[97, 72], [97, 84]] [[98, 75], [98, 92]] Angle Difference ::  0.0 LHD ::  3.1622776601683795
[[97, 84], [97, 96]] [[98, 92], [99, 108]]
	After ::  [[96.625730283068918, 84.011684529102666], [97.374269716931082, 95.988315470897334]] [[98, 92], [99, 108]] Angle Difference ::  1.2722218725854067e-14 LHD ::  8.10566570351
[[97, 96], [97, 108]] [[99, 108], [99, 125]]
	After ::  [[97, 96], [97, 108]] [[99, 108], [99, 125]] Angle Difference ::  0.0 LHD ::  12.165525060596439
[[97, 108], [80, 127]] [[99, 125], [83, 132]]
	After ::  [[97, 108], [80, 127]] [[101.17746420561255, 128.00754000549185], [80.822535794387449, 128.99245999450815]] Angle Difference ::  45.40960281398893 LHD ::  12.0221318013
[[80, 127], [89, 128]] [[83, 132], [91, 134]]
	After ::  [[80, 127], [89, 128]] [[82.902112382357316, 132.54467915359527], [91.097887617642684, 133.45532084640473]] Angle Difference ::  1.5187148603988292e-13 LHD ::  5.84482536234
[[89, 128], [97, 130]] [[91, 134], [100, 137]]
	After ::  [[89.088478556878414, 127.69615951895948], [96.911521443121586, 130.30384048104054]] [[91, 134], [100, 137]] Angle Difference ::  3.180554681463517e-14 LHD ::  6.58728728509
[[97, 130], [107, 128]] [[100, 137], [110, 134]]
	After ::  [[97.116025081025256, 130.46519247569242], [106.88397491897474, 127.53480752430758]] [[100, 137], [110, 134]] Angle Difference ::  4.770832022195275e-14 LHD ::  7.14290550067
[[107, 128], [117, 127]] [[110, 134], [119, 131]]
	After ::  [[107, 128], [117, 127]] [[109.78012418354335, 132.97198758164566], [119.21987581645665, 132.02801241835434]] Angle Difference ::  1.749305074804934e-14 LHD ::  5.49647068751
[[97, 72], [117, 127]] [[98, 75], [119, 131]]
	After ::  [[96.725513711471962, 72.101369897258564], [117.27448628852804, 126.89863010274144]] [[98, 75], [119, 131]] Angle Difference ::  0.0 LHD ::  3.16644465958
[[117, 127], [97, 108]] [[119, 131], [99, 125]]
	After ::  [[117, 127], [97, 108]] [[116.56921630551221, 135.1907554902366], [101.43078369448779, 120.80924450976339]] Angle Difference ::  6.3611093629270335e-15 LHD ::  8.41177284516
[[43, 83], [52, 76]] [[47, 78], [57, 73]]
	After ::  [[43, 83], [52, 76]] [[47.587386959390862, 78.932032364918214], [56.412613040609138, 72.067967635081786]] Angle Difference ::  2.5444437451708134e-14 LHD ::  6.01602103733
[[52, 76], [64, 75]] [[57, 73], [68, 73]]
	After ::  [[52, 76], [64, 75]] [[57.018998329653165, 73.456750139195563], [67.981001670346842, 72.543249860804437]] Angle Difference ::  6.997220299219736e-14 LHD ::  4.72975220972
[[64, 75], [76, 82]] [[68, 73], [78, 81]]
	After ::  [[64, 75], [76, 82]] [[67.469116383874137, 73.773651223926578], [78.530883616125863, 80.226348776073422]] Angle Difference ::  1.2722218725854067e-14 LHD ::  3.11596151297
[[76, 82], [65, 86]] [[78, 81], [67, 83]]
	After ::  [[76, 82], [65, 86]] [[78.246395050681514, 81.910401799752179], [66.753604949318486, 82.089598200247821]] Angle Difference ::  19.08981903866046 LHD ::  2.54140164654
[[65, 86], [52, 87]] [[67, 83], [56, 82]]
	After ::  [[65, 86], [52, 87]] [[67.006413373085437, 82.076429740531893], [55.993586626914563, 82.923570259468107]] Angle Difference ::  3.419096282573281e-14 LHD ::  4.54790869414
[[43, 83], [52, 87]] [[47, 78], [56, 82]]
	After ::  [[43, 83], [52, 87]] [[47, 78], [56, 82]] Angle Difference ::  0.0 LHD ::  6.403124237432849
[[122, 81], [133, 73]] [[122, 81], [132, 73]]
	After ::  [[122, 81], [133, 73]] [[121.82156237691171, 80.766136453155113], [132.17843762308829, 73.233863546844887]] Angle Difference ::  2.5444437451708134e-14 LHD ::  0.483271588762
[[133, 73], [146, 73]] [[132, 73], [143, 72]]
	After ::  [[133, 73], [146, 73]] [[131.97731949140638, 72.5], [143.02268050859362, 72.5]] Angle Difference ::  0.0 LHD ::  1.13839491309
[[146, 73], [156, 80]] [[143, 72], [153, 77]]
	After ::  [[146, 73], [156, 80]] [[143.4203543409543, 71.294248038668016], [152.5796456590457, 77.705751961331984]] Angle Difference ::  1.90833280887811e-14 LHD ::  3.09267350768
[[156, 80], [147, 84]] [[153, 77], [144, 81]]
	After ::  [[156, 80], [147, 84]] [[153, 77], [144, 81]] Angle Difference ::  0.0 LHD ::  4.242640687119285
[[147, 84], [134, 84]] [[144, 81], [133, 82]]
	After ::  [[147, 84], [134, 84]] [[143.97731949140638, 80.5], [133.02268050859362, 82.5]] Angle Difference ::  10.346597037481253 LHD ::  2.79860206989
[[122, 81], [134, 84]] [[122, 81], [133, 82]]
	After ::  [[122, 81], [134, 84]] [[122.14221292388908, 80.160553230972269], [132.85778707611092, 82.839446769027731]] Angle Difference ::  0.0 LHD ::  0.883431799572
[[65, 162], [75, 155]] [[66, 150], [78, 146]]
	After ::  [[64.209922280314359, 160.43002590656187], [75.790077719685641, 156.56997409343813]] [[66, 150], [78, 146]] Angle Difference ::  1.2722218725854067e-13 LHD ::  10.7141086259
[[75, 155], [87, 149]] [[78, 146], [92, 144]]
	After ::  [[74.359216913646407, 152.94868329805053], [87.640783086353593, 151.05131670194947]] [[78, 146], [92, 144]] Angle Difference ::  1.033680271475643e-13 LHD ::  7.94121998986
[[87, 149], [97, 152]] [[92, 144], [102, 146]]
	After ::  [[87, 149], [97, 152]] [[92.116025081025256, 143.53480752430758], [101.88397491897474, 146.46519247569242]] Angle Difference ::  4.770832022195275e-14 LHD ::  7.34656391633
[[97, 152], [106, 149]] [[102, 146], [112, 144]]
	After ::  [[96.848697452904688, 151.43026050941907], [106.15130254709531, 149.56973949058093]] [[102, 146], [112, 144]] Angle Difference ::  1.0018747246610078e-13 LHD ::  7.60101902887
[[106, 149], [120, 154]] [[112, 144], [127, 145]]
	After ::  [[105.58342862412481, 151.00556190827498], [120.41657137587519, 151.99443809172502]] [[112, 144], [127, 145]] Angle Difference ::  2.2263882770244617e-14 LHD ::  9.4926580854
[[120, 154], [133, 162]] [[127, 145], [142, 148]]
	After ::  [[119.01604279911922, 156.50320855982383], [133.98395720088078, 159.49679144017617]] [[127, 145], [142, 148]] Angle Difference ::  8.269442171805144e-14 LHD ::  13.998604154
[[133, 162], [120, 169]] [[142, 148], [127, 165]]
	After ::  [[134.61563679779539, 164.03561162916523], [118.38436320220463, 166.96438837083477]] [[142, 148], [127, 165]] Angle Difference ::  38.347923956632236 LHD ::  11.8566117313
[[120, 169], [107, 173]] [[127, 165], [113, 172]]
	After ::  [[120.41723746970177, 170.04138126514911], [106.58276253029823, 171.95861873485089]] [[127, 165], [113, 172]] Angle Difference ::  18.675025016725385 LHD ::  6.47536104784
[[107, 173], [97, 174]] [[113, 172], [102, 174]]
	After ::  [[107.05611488806628, 173.39888820216976], [96.943885111933724, 173.60111179783024]] [[113, 172], [102, 174]] Angle Difference ::  9.159202568002371 LHD ::  5.19553611441
[[97, 174], [87, 173]] [[102, 174], [91, 173]]
	After ::  [[97.00430142845984, 173.95493649349635], [86.99569857154016, 173.04506350650365]] [[102, 174], [91, 173]] Angle Difference ::  1.4312496066585827e-14 LHD ::  4.00836454935
[[87, 173], [75, 169]] [[91, 173], [78, 165]]
	After ::  [[86.386360138022766, 174.31468316186016], [75.613639861977234, 167.68531683813984]] [[91, 173], [78, 165]] Angle Difference ::  3.81666561775622e-14 LHD ::  3.63278957599
[[75, 169], [70, 162]] [[78, 165], [70, 151]]
	After ::  [[74.633974262695347, 169.23445495971686], [70.366025737304653, 161.76554504028314]] [[78, 165], [70, 151]] Angle Difference ::  0.0 LHD ::  6.09318528608
[[70, 162], [87, 159]] [[70, 151], [92, 150]]
	After ::  [[69.877564627520982, 160.89192888056724], [87.122435372479018, 160.10807111943276]] [[70, 151], [92, 150]] Angle Difference ::  4.7310750886769815e-14 LHD ::  10.1085042894
[[87, 159], [97, 160]] [[92, 150], [102, 151]]
	After ::  [[87, 159], [97, 160]] [[92, 150], [102, 151]] Angle Difference ::  0.0 LHD ::  10.295630140987
[[97, 160], [106, 159]] [[102, 151], [112, 149]]
	After ::  [[97.060232161301855, 160.38795356773963], [105.93976783869815, 158.61204643226037]] [[102, 151], [112, 149]] Angle Difference ::  0.0 LHD ::  10.8191864658
[[106, 159], [128, 162]] [[112, 149], [138, 149]]
	After ::  [[105.89819834441275, 160.5], [128.10180165558725, 160.5]] [[112, 149], [138, 149]] Angle Difference ::  0.0 LHD ::  13.0185375837
[[128, 162], [106, 160]] [[138, 149], [112, 162]]
	After ::  [[126.87927122818277, 156.0603643859086], [107.12072877181723, 165.9396356140914]] [[138, 149], [112, 162]] Angle Difference ::  6.679164831073386e-14 LHD ::  8.89192566935
[[106, 160], [97, 161]] [[112, 162], [102, 164]]
	After ::  [[106.06023216130185, 160.38795356773963], [96.939767838698145, 160.61204643226037]] [[112, 162], [102, 164]] Angle Difference ::  9.902439162159581 LHD ::  5.58837842442
[[97, 161], [87, 160]] [[102, 164], [91, 162]]
	After ::  [[96.943885111933724, 161.39888820216976], [87.056114888066276, 159.60111179783024]] [[102, 164], [91, 162]] Angle Difference ::  1.1609024587341835e-13 LHD ::  4.61616027912
[[65, 162], [87, 160]] [[66, 150], [91, 162]]
	After ::  [[66.042352364944463, 156.22032913517333], [85.957647635055537, 165.77967086482667]] [[66, 150], [91, 162]] Angle Difference ::  6.043053894780682e-14 LHD ::  4.37573905081
[[97, 152], [97, 174]] [[102, 146], [102, 174]]
	After ::  [[97, 152], [97, 174]] [[102, 146], [102, 174]] Angle Difference ::  0.0 LHD ::  5.0
[[65, 162], [133, 162]] [[66, 150], [142, 148]]
	After ::  [[65.011766742003203, 162.89442719099992], [132.9882332579968, 161.10557280900008]] [[66, 150], [142, 148]] Angle Difference ::  7.553817368475852e-15 LHD ::  13.1430521382
[[22, 113], [185, 111]] [[22, 104], [185, 103]]
	After ::  [[22, 113], [185, 111]] [[22.004600664230445, 104.49994355013214], [184.99539933576955, 102.50005644986786]] Angle Difference ::  1.7890620083232284e-15 LHD ::  8.50000125327
[[25, 133], [183, 134]] [[24, 124], [183, 125]]
	After ::  [[24.999980160500929, 133.00314452931133], [183.00001983949906, 133.99685547068867]] [[24, 124], [183, 125]] Angle Difference ::  9.442271710594815e-16 LHD ::  8.99685547071
[[29, 153], [178, 154]] [[29, 145], [177, 147]]
	After ::  [[29, 153], [178, 154]] [[28.994910239142563, 145.50332154522914], [177.00508976085743, 146.49667845477086]] Angle Difference ::  2.53450451179124e-15 LHD ::  7.49668018272
[[34, 172], [169, 173]] [[37, 163], [169, 167]]
	After ::  [[34, 172], [169, 173]] [[36.971515379334676, 164.510900113921], [169.02848462066532, 165.489099886079]] Angle Difference ::  8.945310041616142e-16 LHD ::  7.4891558865
[[45, 188], [158, 188]] [[49, 180], [157, 184]]
	After ::  [[45, 188], [158, 188]] [[48.962975655574816, 182.0], [157.03702434442519, 182.0]] Angle Difference ::  0.0 LHD ::  6.07678566279
[[59, 200], [142, 199]] [[64, 195], [143, 197]]
	After ::  [[59, 200], [142, 199]] [[63.990211295385173, 196.476021550658], [143.00978870461483, 195.523978449342]] Angle Difference ::  8.94531004161614e-15 LHD ::  3.66595380427
[[78, 206], [121, 206]] [[82, 201], [124, 202]]
	After ::  [[78, 206], [121, 206]] [[81.994048462400002, 201.5], [124.0059515376, 201.5]] Angle Difference ::  0.0 LHD ::  5.41163052763
[[97.5, 44.0], [99, 208]] [[98.5, 49.0], [103, 202]]
	After ::  [[97.5, 44.0], [99, 208]] [[100.05003158468443, 48.970119925498636], [101.44996841531557, 202.02988007450136]] Angle Difference ::  1.2722218725854067e-14 LHD ::  5.56185530412
[[23, 82], [22, 104]] [[21, 93], [22, 113]]
	After ::  [[23, 82], [22, 104]] [[21.045356149356625, 113.00216471415425], [21.954643850643375, 92.997835285845753]] Angle Difference ::  0.0 LHD ::  14.4180748172
[[22, 104], [24, 124]] [[22, 113], [25, 133]]
	After ::  [[21.509196898470304, 104.06131265646869], [24.490803101529696, 123.93868734353131]] [[22, 113], [25, 133]] Angle Difference ::  0.0 LHD ::  8.95215197478
[[24, 124], [29, 145]] [[25, 133], [29, 153]]
	After ::  [[24, 124], [29, 145]] [[24.637924823035704, 133.07928425674996], [29.362075176964296, 152.92071574325004]] Angle Difference ::  0.0 LHD ::  7.92898720295
[[29, 145], [37, 163]] [[29, 153], [34, 172]]
	After ::  [[29, 145], [37, 163]] [[27.510322597853822, 153.52322584517111], [35.489677402146178, 171.47677415482889]] Angle Difference ::  3.81666561775622e-14 LHD ::  8.61484913517
[[37, 163], [49, 180]] [[34, 172], [45, 188]]
	After ::  [[37, 163], [49, 180]] [[33.901418853450146, 172.06867670905439], [45.098581146549854, 187.93132329094561]] Angle Difference ::  4.4527765540489235e-14 LHD ::  8.96526514011
[[49, 180], [64, 195]] [[45, 188], [59, 200]]
	After ::  [[49, 180], [64, 195]] [[45.480797594797352, 187.48079759479734], [58.519202405202648, 200.51920240520266]] Angle Difference ::  6.361109362927034e-14 LHD ::  7.90569634747
[[64, 195], [82, 201]] [[59, 200], [78, 206]]
	After ::  [[63.953520522767441, 195.14321700718972], [82.046479477232566, 200.85678299281028]] [[59, 200], [78, 206]] Angle Difference ::  9.54166404439055e-15 LHD ::  6.39435113438
[[82, 201], [103, 202]] [[78, 206], [99, 208]]
	After ::  [[82.035453111910016, 200.50337648684857], [102.96454688808998, 202.49662351315143]] [[78, 206], [99, 208]] Angle Difference ::  3.657637883683044e-14 LHD ::  6.77762705519
[[103, 202], [124, 202]] [[99, 208], [121, 206]]
	After ::  [[103.04312133208911, 202.95062533344645], [123.95687866791089, 201.04937466655355]] [[99, 208], [121, 206]] Angle Difference ::  4.929859756268451e-14 LHD ::  5.85524920269
[[124, 202], [143, 197]] [[121, 206], [142, 199]]
	After ::  [[124.18066525979457, 202.60644491340182], [142.81933474020545, 196.39355508659818]] [[121, 206], [142, 199]] Angle Difference ::  1.2722218725854067e-14 LHD ::  3.47882461375
[[143, 197], [157, 184]] [[142, 199], [158, 188]]
	After ::  [[142.12835057173623, 195.91175898193134], [157.87164942826377, 185.08824101806866]] [[142, 199], [158, 188]] Angle Difference ::  1.90833280887811e-14 LHD ::  3.02965048604
[[157, 184], [169, 167]] [[158, 188], [169, 173]]
	After ::  [[157, 184], [169, 167]] [[158.13653622656398, 188.09824034570104], [168.86346377343602, 172.90175965429896]] Angle Difference ::  3.81666561775622e-14 LHD ::  5.83760972545
[[169, 167], [177, 147]] [[169, 173], [178, 154]]
	After ::  [[169, 167], [177, 147]] [[169.59597908428441, 173.26005228928898], [177.40402091571559, 153.73994771071102]] Angle Difference ::  0.0 LHD ::  6.7520472965
[[177, 147], [183, 125]] [[178, 154], [183, 134]]
	After ::  [[177, 147], [183, 125]] [[177.78784785995157, 153.94455784684422], [183.21215214004843, 134.05544215315578]] Angle Difference ::  3.81666561775622e-14 LHD ::  9.05792698825
[[183, 125], [185, 103]] [[183, 134], [185, 111]]
	After ::  [[183.04314461246989, 125.0038369565963], [184.95685538753011, 102.9961630434037]] [[183, 134], [185, 111]] Angle Difference ::  0.0 LHD ::  8.9924394992
[[185, 103], [185, 81]] [[185, 111], [186, 89]]
	After ::  [[185.49948427010514, 103.01134605768671], [184.50051572989486, 80.988653942313292]] [[185, 111], [186, 89]] Angle Difference ::  174.80023158786923 LHD ::  8.01555452516
[[23, 82], [185, 81]] [[21, 93], [186, 89]]
	After ::  [[23.02224842502936, 83.463097007878076], [184.97775157497065, 79.536902992121924]] [[21, 93], [186, 89]] Angle Difference ::  1.987846675914698e-16 LHD ::  9.56699137193
[[32, 62], [42, 52]] [[27, 64], [35, 51]]
	After ::  [[33.294071563103365, 63.022133709957032], [40.705928436896635, 50.977866290042968]] [[27, 64], [35, 51]] Angle Difference ::  0.0 LHD ::  5.91117676916
[[42, 52], [57, 49]] [[35, 51], [51, 46]]
	After ::  [[42.199631949998654, 52.781365015625418], [56.800368050001346, 48.218634984374582]] [[35, 51], [51, 46]] Angle Difference ::  1.5902773407317584e-14 LHD ::  6.21021211728
[[57, 49], [73, 51]] [[51, 46], [67, 49]]
	After ::  [[57.075831095301623, 48.514218330369054], [72.924168904698377, 51.485781669630946]] [[51, 46], [67, 49]] Angle Difference ::  0.0 LHD ::  6.42455458066
[[73, 51], [88, 56]] [[67, 49], [84, 56]]
	After ::  [[73.189777765866069, 50.489908491827208], [87.810222234133931, 56.510091508172792]] [[67, 49], [84, 56]] Angle Difference ::  2.2263882770244617e-14 LHD ::  3.84421764464
[[32, 62], [88, 56]] [[27, 64], [84, 56]]
	After ::  [[32.113068404388919, 62.913955311664715], [87.886931595611074, 55.086044688335285]] [[27, 64], [84, 56]] Angle Difference ::  4.770832022195275e-15 LHD ::  4.05773542841
[[107, 57], [123, 51]] [[109, 55], [126, 47]]
	After ::  [[107.26922561956135, 57.638011473147593], [122.73077438043865, 50.361988526852407]] [[109, 55], [126, 47]] Angle Difference ::  3.498610149609868e-14 LHD ::  3.80480619714
[[123, 51], [140, 49]] [[126, 47], [144, 42]]
	After ::  [[123.25361501447374, 52.290662495979518], [139.74638498552625, 47.709337504020482]] [[126, 47], [144, 42]] Angle Difference ::  1.90833280887811e-14 LHD ::  6.35632487442
[[140, 49], [157, 53]] [[144, 42], [161, 46]]
	After ::  [[140, 49], [157, 53]] [[144, 42], [161, 46]] Angle Difference ::  0.0 LHD ::  8.06225774829855
[[157, 53], [170, 63]] [[161, 46], [172, 59]]
	After ::  [[158.20287976739996, 51.73976699783632], [168.79712023260004, 64.260233002163687]] [[161, 46], [172, 59]] Angle Difference ::  1.90833280887811e-14 LHD ::  6.2142363161
[[107, 57], [170, 63]] [[109, 55], [172, 59]]
	After ::  [[107, 57], [170, 63]] [[109.07875012320126, 54.007500011733455], [171.92124987679873, 59.992499988266545]] Angle Difference ::  2.3854160110976376e-15 LHD ::  3.55703629459
[[88, 56], [107, 57]] [[84, 56], [109, 55]]
	After ::  [[87.994452603352912, 56.88022189586588], [107.00554739664709, 56.11977810413412]] [[84, 56], [109, 55]] Angle Difference ::  2.2263882770244617e-14 LHD ::  2.2465709601
[[88, 56], [98, 75]] [[84, 56], [97, 72]]
	After ::  [[88, 56], [98, 75]] [[85.699195656691145, 54.878471747713171], [95.300804343308855, 73.121528252286822]] Angle Difference ::  0.0 LHD ::  2.55989417672
[[107, 57], [98, 75]] [[109, 55], [97, 72]]
	After ::  [[105.69723725909358, 56.220580549617424], [99.302762740906417, 75.779419450382576]] [[109, 55], [97, 72]] Angle Difference ::  17.11319814256821 LHD ::  4.31834405273
[[98, 75], [98, 92]] [[97, 72], [97, 84]]
	After ::  [[98, 75], [98, 92]] [[97, 72], [97, 84]] Angle Difference ::  0.0 LHD ::  3.1622776601683795
[[98, 92], [99, 108]] [[97, 84], [97, 96]]
	After ::  [[98, 92], [99, 108]] [[96.625730283068918, 84.011684529102666], [97.374269716931082, 95.988315470897334]] Angle Difference ::  1.2722218725854067e-14 LHD ::  8.10566570351
[[99, 108], [99, 125]] [[97, 96], [97, 108]]
	After ::  [[99, 108], [99, 125]] [[97, 96], [97, 108]] Angle Difference ::  0.0 LHD ::  12.165525060596439
[[99, 125], [83, 132]] [[97, 108], [80, 127]]
	After ::  [[101.17746420561255, 128.00754000549185], [80.822535794387449, 128.99245999450815]] [[97, 108], [80, 127]] Angle Difference ::  45.40960281398893 LHD ::  12.0221318013
[[83, 132], [91, 134]] [[80, 127], [89, 128]]
	After ::  [[82.902112382357316, 132.54467915359527], [91.097887617642684, 133.45532084640473]] [[80, 127], [89, 128]] Angle Difference ::  1.5187148603988292e-13 LHD ::  5.84482536234
[[91, 134], [100, 137]] [[89, 128], [97, 130]]
	After ::  [[91, 134], [100, 137]] [[89.088478556878414, 127.69615951895948], [96.911521443121586, 130.30384048104054]] Angle Difference ::  3.180554681463517e-14 LHD ::  6.58728728509
[[100, 137], [110, 134]] [[97, 130], [107, 128]]
	After ::  [[100, 137], [110, 134]] [[97.116025081025256, 130.46519247569242], [106.88397491897474, 127.53480752430758]] Angle Difference ::  4.770832022195275e-14 LHD ::  7.14290550067
[[110, 134], [119, 131]] [[107, 128], [117, 127]]
	After ::  [[109.78012418354335, 132.97198758164566], [119.21987581645665, 132.02801241835434]] [[107, 128], [117, 127]] Angle Difference ::  1.749305074804934e-14 LHD ::  5.49647068751
[[98, 75], [119, 131]] [[97, 72], [117, 127]]
	After ::  [[98, 75], [119, 131]] [[96.725513711471962, 72.101369897258564], [117.27448628852804, 126.89863010274144]] Angle Difference ::  0.0 LHD ::  3.16644465958
[[119, 131], [99, 125]] [[117, 127], [97, 108]]
	After ::  [[116.56921630551221, 135.1907554902366], [101.43078369448779, 120.80924450976339]] [[117, 127], [97, 108]] Angle Difference ::  6.3611093629270335e-15 LHD ::  8.41177284516
[[47, 78], [57, 73]] [[43, 83], [52, 76]]
	After ::  [[47.587386959390862, 78.932032364918214], [56.412613040609138, 72.067967635081786]] [[43, 83], [52, 76]] Angle Difference ::  2.5444437451708134e-14 LHD ::  6.01602103733
[[57, 73], [68, 73]] [[52, 76], [64, 75]]
	After ::  [[57.018998329653165, 73.456750139195563], [67.981001670346842, 72.543249860804437]] [[52, 76], [64, 75]] Angle Difference ::  6.997220299219736e-14 LHD ::  4.72975220972
[[68, 73], [78, 81]] [[64, 75], [76, 82]]
	After ::  [[67.469116383874137, 73.773651223926578], [78.530883616125863, 80.226348776073422]] [[64, 75], [76, 82]] Angle Difference ::  1.2722218725854067e-14 LHD ::  3.11596151297
[[78, 81], [67, 83]] [[76, 82], [65, 86]]
	After ::  [[78.246395050681514, 81.910401799752179], [66.753604949318486, 82.089598200247821]] [[76, 82], [65, 86]] Angle Difference ::  19.08981903866046 LHD ::  2.54140164654
[[67, 83], [56, 82]] [[65, 86], [52, 87]]
	After ::  [[67.006413373085437, 82.076429740531893], [55.993586626914563, 82.923570259468107]] [[65, 86], [52, 87]] Angle Difference ::  3.419096282573281e-14 LHD ::  4.54790869414
[[47, 78], [56, 82]] [[43, 83], [52, 87]]
	After ::  [[47, 78], [56, 82]] [[43, 83], [52, 87]] Angle Difference ::  0.0 LHD ::  6.403124237432849
[[122, 81], [132, 73]] [[122, 81], [133, 73]]
	After ::  [[121.82156237691171, 80.766136453155113], [132.17843762308829, 73.233863546844887]] [[122, 81], [133, 73]] Angle Difference ::  2.5444437451708134e-14 LHD ::  0.483271588762
[[132, 73], [143, 72]] [[133, 73], [146, 73]]
	After ::  [[131.97731949140638, 72.5], [143.02268050859362, 72.5]] [[133, 73], [146, 73]] Angle Difference ::  0.0 LHD ::  1.13839491309
[[143, 72], [153, 77]] [[146, 73], [156, 80]]
	After ::  [[143.4203543409543, 71.294248038668016], [152.5796456590457, 77.705751961331984]] [[146, 73], [156, 80]] Angle Difference ::  1.90833280887811e-14 LHD ::  3.09267350768
[[153, 77], [144, 81]] [[156, 80], [147, 84]]
	After ::  [[153, 77], [144, 81]] [[156, 80], [147, 84]] Angle Difference ::  0.0 LHD ::  4.242640687119285
[[144, 81], [133, 82]] [[147, 84], [134, 84]]
	After ::  [[143.97731949140638, 80.5], [133.02268050859362, 82.5]] [[147, 84], [134, 84]] Angle Difference ::  10.346597037481253 LHD ::  2.79860206989
[[122, 81], [133, 82]] [[122, 81], [134, 84]]
	After ::  [[122.14221292388908, 80.160553230972269], [132.85778707611092, 82.839446769027731]] [[122, 81], [134, 84]] Angle Difference ::  0.0 LHD ::  0.883431799572
[[66, 150], [78, 146]] [[65, 162], [75, 155]]
	After ::  [[66, 150], [78, 146]] [[64.209922280314359, 160.43002590656187], [75.790077719685641, 156.56997409343813]] Angle Difference ::  1.2722218725854067e-13 LHD ::  10.7141086259
[[78, 146], [92, 144]] [[75, 155], [87, 149]]
	After ::  [[78, 146], [92, 144]] [[74.359216913646407, 152.94868329805053], [87.640783086353593, 151.05131670194947]] Angle Difference ::  1.033680271475643e-13 LHD ::  7.94121998986
[[92, 144], [102, 146]] [[87, 149], [97, 152]]
	After ::  [[92.116025081025256, 143.53480752430758], [101.88397491897474, 146.46519247569242]] [[87, 149], [97, 152]] Angle Difference ::  4.770832022195275e-14 LHD ::  7.34656391633
[[102, 146], [112, 144]] [[97, 152], [106, 149]]
	After ::  [[102, 146], [112, 144]] [[96.848697452904688, 151.43026050941907], [106.15130254709531, 149.56973949058093]] Angle Difference ::  1.0018747246610078e-13 LHD ::  7.60101902887
[[112, 144], [127, 145]] [[106, 149], [120, 154]]
	After ::  [[112, 144], [127, 145]] [[105.58342862412481, 151.00556190827498], [120.41657137587519, 151.99443809172502]] Angle Difference ::  2.2263882770244617e-14 LHD ::  9.4926580854
[[127, 145], [142, 148]] [[120, 154], [133, 162]]
	After ::  [[127, 145], [142, 148]] [[119.01604279911922, 156.50320855982383], [133.98395720088078, 159.49679144017617]] Angle Difference ::  8.269442171805144e-14 LHD ::  13.998604154
[[142, 148], [127, 165]] [[133, 162], [120, 169]]
	After ::  [[142, 148], [127, 165]] [[134.61563679779539, 164.03561162916523], [118.38436320220463, 166.96438837083477]] Angle Difference ::  38.347923956632236 LHD ::  11.8566117313
[[127, 165], [113, 172]] [[120, 169], [107, 173]]
	After ::  [[127, 165], [113, 172]] [[120.41723746970177, 170.04138126514911], [106.58276253029823, 171.95861873485089]] Angle Difference ::  18.675025016725385 LHD ::  6.47536104784
[[113, 172], [102, 174]] [[107, 173], [97, 174]]
	After ::  [[113, 172], [102, 174]] [[107.05611488806628, 173.39888820216976], [96.943885111933724, 173.60111179783024]] Angle Difference ::  9.159202568002371 LHD ::  5.19553611441
[[102, 174], [91, 173]] [[97, 174], [87, 173]]
	After ::  [[102, 174], [91, 173]] [[97.00430142845984, 173.95493649349635], [86.99569857154016, 173.04506350650365]] Angle Difference ::  1.4312496066585827e-14 LHD ::  4.00836454935
[[91, 173], [78, 165]] [[87, 173], [75, 169]]
	After ::  [[91, 173], [78, 165]] [[86.386360138022766, 174.31468316186016], [75.613639861977234, 167.68531683813984]] Angle Difference ::  3.81666561775622e-14 LHD ::  3.63278957599
[[78, 165], [70, 151]] [[75, 169], [70, 162]]
	After ::  [[78, 165], [70, 151]] [[74.633974262695347, 169.23445495971686], [70.366025737304653, 161.76554504028314]] Angle Difference ::  0.0 LHD ::  6.09318528608
[[70, 151], [92, 150]] [[70, 162], [87, 159]]
	After ::  [[70, 151], [92, 150]] [[69.877564627520982, 160.89192888056724], [87.122435372479018, 160.10807111943276]] Angle Difference ::  4.7310750886769815e-14 LHD ::  10.1085042894
[[92, 150], [102, 151]] [[87, 159], [97, 160]]
	After ::  [[92, 150], [102, 151]] [[87, 159], [97, 160]] Angle Difference ::  0.0 LHD ::  10.295630140987
[[102, 151], [112, 149]] [[97, 160], [106, 159]]
	After ::  [[102, 151], [112, 149]] [[97.060232161301855, 160.38795356773963], [105.93976783869815, 158.61204643226037]] Angle Difference ::  0.0 LHD ::  10.8191864658
[[112, 149], [138, 149]] [[106, 159], [128, 162]]
	After ::  [[112, 149], [138, 149]] [[105.89819834441275, 160.5], [128.10180165558725, 160.5]] Angle Difference ::  0.0 LHD ::  13.0185375837
[[138, 149], [112, 162]] [[128, 162], [106, 160]]
	After ::  [[138, 149], [112, 162]] [[126.87927122818277, 156.0603643859086], [107.12072877181723, 165.9396356140914]] Angle Difference ::  6.679164831073386e-14 LHD ::  8.89192566935
[[112, 162], [102, 164]] [[106, 160], [97, 161]]
	After ::  [[112, 162], [102, 164]] [[106.06023216130185, 160.38795356773963], [96.939767838698145, 160.61204643226037]] Angle Difference ::  9.902439162159581 LHD ::  5.58837842442
[[102, 164], [91, 162]] [[97, 161], [87, 160]]
	After ::  [[102, 164], [91, 162]] [[96.943885111933724, 161.39888820216976], [87.056114888066276, 159.60111179783024]] Angle Difference ::  1.1609024587341835e-13 LHD ::  4.61616027912
[[66, 150], [91, 162]] [[65, 162], [87, 160]]
	After ::  [[66, 150], [91, 162]] [[66.042352364944463, 156.22032913517333], [85.957647635055537, 165.77967086482667]] Angle Difference ::  6.043053894780682e-14 LHD ::  4.37573905081
[[102, 146], [102, 174]] [[97, 152], [97, 174]]
	After ::  [[102, 146], [102, 174]] [[97, 152], [97, 174]] Angle Difference ::  0.0 LHD ::  5.0
[[66, 150], [142, 148]] [[65, 162], [133, 162]]
	After ::  [[66, 150], [142, 148]] [[65.011766742003203, 162.89442719099992], [132.9882332579968, 161.10557280900008]] Angle Difference ::  7.553817368475852e-15 LHD ::  13.1430521382
[[22, 104], [185, 103]] [[22, 113], [185, 111]]
	After ::  [[22.004600664230445, 104.49994355013214], [184.99539933576955, 102.50005644986786]] [[22, 113], [185, 111]] Angle Difference ::  1.7890620083232284e-15 LHD ::  8.50000125327
[[24, 124], [183, 125]] [[25, 133], [183, 134]]
	After ::  [[24, 124], [183, 125]] [[24.999980160500929, 133.00314452931133], [183.00001983949906, 133.99685547068867]] Angle Difference ::  9.442271710594815e-16 LHD ::  8.99685547071
[[29, 145], [177, 147]] [[29, 153], [178, 154]]
	After ::  [[28.994910239142563, 145.50332154522914], [177.00508976085743, 146.49667845477086]] [[29, 153], [178, 154]] Angle Difference ::  2.53450451179124e-15 LHD ::  7.49668018272
[[37, 163], [169, 167]] [[34, 172], [169, 173]]
	After ::  [[36.971515379334676, 164.510900113921], [169.02848462066532, 165.489099886079]] [[34, 172], [169, 173]] Angle Difference ::  8.945310041616142e-16 LHD ::  7.4891558865
[[49, 180], [157, 184]] [[45, 188], [158, 188]]
	After ::  [[48.962975655574816, 182.0], [157.03702434442519, 182.0]] [[45, 188], [158, 188]] Angle Difference ::  0.0 LHD ::  6.07678566279
[[64, 195], [143, 197]] [[59, 200], [142, 199]]
	After ::  [[63.990211295385173, 196.476021550658], [143.00978870461483, 195.523978449342]] [[59, 200], [142, 199]] Angle Difference ::  8.94531004161614e-15 LHD ::  3.66595380427
[[82, 201], [124, 202]] [[78, 206], [121, 206]]
	After ::  [[81.994048462400002, 201.5], [124.0059515376, 201.5]] [[78, 206], [121, 206]] Angle Difference ::  0.0 LHD ::  5.41163052763
[[98.5, 49.0], [103, 202]] [[97.5, 44.0], [99, 208]]
	After ::  [[100.05003158468443, 48.970119925498636], [101.44996841531557, 202.02988007450136]] [[97.5, 44.0], [99, 208]] Angle Difference ::  1.2722218725854067e-14 LHD ::  5.56185530412
