[[21, 93], [22, 113]] [[24, 79], [23, 99]]
	After ::  [[21, 93], [22, 113]] [[24.0, 59.0], [23.0, 119.0]] Angle Difference ::  176.18275352001606 LHD ::  22.0822868072
[[22, 113], [25, 133]] [[23, 99], [25, 120]]
	After ::  [[22.541302381563661, 112.93367500641845], [24.458697618436339, 133.06632499358153]] [[23, 99], [25, 120]] Angle Difference ::  1.2722218725854067e-14 LHD ::  13.0821918666
[[25, 133], [29, 153]] [[25, 120], [27, 140]]
	After ::  [[25, 133], [29, 153]] [[24.029057234566313, 120.14528617283158], [27.970942765433687, 139.85471382716844]] Angle Difference ::  0.0 LHD ::  12.8913338583
[[29, 153], [34, 172]] [[27, 140], [32, 160]]
	After ::  [[29.117465511637807, 152.96986204655124], [33.88253448836219, 172.03013795344876]] [[27, 140], [32, 160]] Angle Difference ::  1.2722218725854067e-14 LHD ::  12.176541188
[[34, 172], [45, 188]] [[32, 160], [42, 177]]
	After ::  [[34.577724939240099, 171.63213239670816], [44.422275060759901, 188.36786760329184]] [[32, 160], [42, 177]] Angle Difference ::  2.5444437451708134e-14 LHD ::  11.6230742537
[[45, 188], [59, 200]] [[42, 177], [56, 193]]
	After ::  [[45.928887492423975, 187.06158570562741], [58.071112507576025, 200.93841429437259]] [[42, 177], [56, 193]] Angle Difference ::  3.180554681463517e-14 LHD ::  8.20416666588
[[59, 200], [78, 206]] [[56, 193], [73, 203]]
	After ::  [[59, 200], [78, 206]] [[55.096205010661315, 195.03038052968253], [73.903794989338678, 200.96961947031747]] Angle Difference ::  5.724998426634331e-14 LHD ::  6.31975748078
[[78, 206], [99, 208]] [[73, 203], [94, 205]]
	After ::  [[78, 206], [99, 208]] [[73, 203], [94, 205]] Angle Difference ::  0.0 LHD ::  5.830951894845301
[[99, 208], [121, 206]] [[94, 205], [115, 203]]
	After ::  [[99, 208], [121, 206]] [[93.995804897370846, 204.95492682751174], [115.00419510262915, 203.04507317248826]] Angle Difference ::  0.0 LHD ::  5.85785278505
[[121, 206], [142, 199]] [[115, 203], [132, 194]]
	After ::  [[121, 206], [142, 199]] [[114.37585620455268, 201.54138126514911], [132.62414379544734, 195.45861873485089]] Angle Difference ::  1.2722218725854067e-14 LHD ::  7.98494244947
[[142, 199], [158, 188]] [[132, 194], [144, 180]]
	After ::  [[142, 199], [158, 188]] [[130.40270884517076, 192.2231376689451], [145.59729115482924, 181.7768623310549]] Angle Difference ::  0.0 LHD ::  13.4323336284
[[158, 188], [169, 173]] [[144, 180], [155, 165]]
	After ::  [[158, 188], [169, 173]] [[144, 180], [155, 165]] Angle Difference ::  0.0 LHD ::  16.1245154965971
[[169, 173], [178, 154]] [[155, 165], [163, 147]]
	After ::  [[169, 173], [178, 154]] [[154.78383846377449, 164.90078546536498], [163.21616153622551, 147.09921453463502]] Angle Difference ::  1.2722218725854067e-14 LHD ::  16.3614340827
[[178, 154], [183, 134]] [[163, 147], [167, 128]]
	After ::  [[178, 154], [183, 134]] [[162.64540499298525, 146.91838002805903], [167.35459500701475, 128.08161997194097]] Angle Difference ::  3.81666561775622e-14 LHD ::  16.9089600872
[[183, 134], [185, 111]] [[167, 128], [169, 108]]
	After ::  [[183, 134], [185, 111]] [[167.12938313042793, 128.01209400007892], [168.87061686957207, 107.98790599992107]] Angle Difference ::  2.5444437451708134e-14 LHD ::  16.9626500911
[[185, 111], [186, 89]] [[169, 108], [169, 88]]
	After ::  [[185, 111], [186, 89]] [[169.4540766091865, 108.01031459789701], [168.5459233908135, 87.989685402102992]] Angle Difference ::  174.8002315878692 LHD ::  15.6740868402
[[21, 93], [186, 89]] [[24, 79], [169, 88]]
	After ::  [[21, 93], [186, 89]] [[23.88181461929463, 85.260440857714073], [169.11818538070537, 81.739559142285927]] Angle Difference ::  2.782985346280577e-15 LHD ::  8.19268203773
[[27, 64], [35, 51]] [[33, 59], [44, 49]]
	After ::  [[27, 64], [35, 51]] [[34.604365819890674, 60.330405542677653], [42.395634180109326, 47.669594457322347]] Angle Difference ::  1.2722218725854067e-14 LHD ::  8.26703251333
[[35, 51], [51, 46]] [[44, 49], [60, 48]]
	After ::  [[35, 51], [51, 46]] [[44.349260961895155, 50.890855949407765], [59.650739038104845, 46.109144050592235]] Angle Difference ::  6.3611093629270335e-15 LHD ::  8.68450972956
[[51, 46], [67, 49]] [[60, 48], [75, 53]]
	After ::  [[51, 46], [67, 49]] [[59.72971310114189, 49.043071206464106], [75.270286898858117, 51.956928793535894]] Angle Difference ::  1.4312496066585827e-14 LHD ::  8.78301881191
[[67, 49], [84, 56]] [[75, 53], [89, 61]]
	After ::  [[67, 49], [84, 56]] [[74.545006835890248, 53.930296932425399], [89.454993164109752, 60.069703067574601]] Angle Difference ::  1.90833280887811e-14 LHD ::  6.80585824602
[[27, 64], [84, 56]] [[33, 59], [89, 61]]
	After ::  [[27, 64], [84, 56]] [[33.25409045410791, 63.894162743283104], [88.74590954589209, 56.105837256716896]] Angle Difference ::  7.951386703658792e-15 LHD ::  4.76518901328
[[109, 55], [126, 47]] [[113, 62], [127, 56]]
	After ::  [[109, 55], [126, 47]] [[113.10910606209498, 62.242773617837656], [126.89089393790502, 55.757226382162344]] Angle Difference ::  0.0 LHD ::  8.80242622288
[[126, 47], [144, 42]] [[127, 56], [141, 52]]
	After ::  [[126, 47], [144, 42]] [[126.98548373760417, 55.948476739554394], [141.01451626239583, 52.051523260445606]] Angle Difference ::  2.2263882770244617e-14 LHD ::  9.7920980619
[[144, 42], [161, 46]] [[141, 52], [156, 54]]
	After ::  [[144, 42], [161, 46]] [[141.13476264391463, 51.267002975038736], [155.86523735608537, 54.732997024961264]] Angle Difference ::  0.0 LHD ::  9.25534502913
[[161, 46], [172, 59]] [[156, 54], [165, 65]]
	After ::  [[161, 46], [172, 59]] [[155.90971791115487, 54.075121167728483], [165.09028208884513, 64.924878832271517]] Angle Difference ::  6.3611093629270335e-15 LHD ::  9.0929544569
[[109, 55], [172, 59]] [[113, 62], [165, 65]]
	After ::  [[109, 55], [172, 59]] [[113.00910182477661, 61.849784242842958], [164.99089817522338, 65.150215757157042]] Angle Difference ::  3.975693351829396e-15 LHD ::  7.57252952387
[[84, 56], [109, 55]] [[89, 61], [113, 62]]
	After ::  [[84, 56], [109, 55]] [[88.999184665611423, 61.980032613375542], [113.00081533438858, 61.019967386624458]] Angle Difference ::  5.565970692561154e-15 LHD ::  7.22817923536
[[84, 56], [97, 72]] [[89, 61], [101, 77]]
	After ::  [[84, 56], [97, 72]] [[88.694073749055349, 61.238859998837341], [101.30592625094465, 76.761140001162659]] Angle Difference ::  3.180554681463517e-14 LHD ::  6.41945926533
[[109, 55], [97, 72]] [[113, 62], [101, 77]]
	After ::  [[109, 55], [97, 72]] [[113.46113876020367, 62.346720089711482], [100.53886123979633, 76.653279910288518]] Angle Difference ::  6.872062116052235 LHD ::  7.47821940125
[[97, 72], [97, 84]] [[101, 77], [101, 90]]
	After ::  [[97, 72], [97, 84]] [[101, 77], [101, 90]] Angle Difference ::  0.0 LHD ::  6.4031242374328485
[[97, 84], [97, 96]] [[101, 90], [102, 103]]
	After ::  [[96.539821006691582, 84.017673086990513], [97.460178993308418, 95.982326913009487]] [[101, 90], [102, 103]] Angle Difference ::  3.81666561775622e-14 LHD ::  7.46200152002
[[97, 96], [97, 108]] [[102, 103], [102, 117]]
	After ::  [[97, 96], [97, 108]] [[102, 103], [102, 117]] Angle Difference ::  0.0 LHD ::  8.602325267042627
[[97, 108], [80, 127]] [[102, 117], [81, 126]]
	After ::  [[97, 108], [80, 127]] [[104.8827624631821, 121.01338312938472], [78.117237536817896, 121.98661687061528]] Angle Difference ::  46.0973889930119 LHD ::  10.2443957584
[[80, 127], [89, 128]] [[81, 126], [91, 128]]
	After ::  [[80.060232161301855, 126.61204643226037], [88.939767838698145, 128.38795356773963]] [[81, 126], [91, 128]] Angle Difference ::  0.0 LHD ::  1.06450454569
[[89, 128], [97, 130]] [[91, 128], [100, 132]]
	After ::  [[89.232258463129426, 127.3254482058353], [96.767741536870574, 130.6745517941647]] [[91, 128], [100, 132]] Angle Difference ::  0.0 LHD ::  1.89230840722
[[97, 130], [107, 128]] [[100, 132], [108, 130]]
	After ::  [[97, 130], [107, 128]] [[99.956962299686793, 131.80860754006264], [108.04303770031321, 130.19139245993736]] Angle Difference ::  3.975693351829396e-14 LHD ::  2.42695976154
[[107, 128], [117, 127]] [[108, 130], [117, 128]]
	After ::  [[107, 128], [117, 127]] [[107.9131051940996, 129.45868948059004], [117.0868948059004, 128.54131051940996]] Angle Difference ::  1.828818941841522e-14 LHD ::  1.54382296927
[[97, 72], [117, 127]] [[101, 77], [117, 128]]
	After ::  [[97, 72], [117, 127]] [[99.866760793992057, 77.383592183478157], [118.13323920600794, 127.61640781652184]] Angle Difference ::  0.0 LHD ::  1.29003632187
[[117, 127], [97, 108]] [[117, 128], [102, 117]]
	After ::  [[117, 127], [97, 108]] [[116.24288450580366, 128.90574028051347], [102.75711549419634, 116.09425971948652]] Angle Difference ::  6.3611093629270335e-15 LHD ::  2.31827006278
[[43, 83], [52, 76]] [[48, 78], [57, 73]]
	After ::  [[43, 83], [52, 76]] [[48.436560759462687, 78.660452742640132], [56.563439240537313, 72.339547257359868]] Angle Difference ::  6.3611093629270335e-15 LHD ::  6.37284325071
[[52, 76], [64, 75]] [[57, 73], [68, 74]]
	After ::  [[52, 76], [64, 75]] [[56.996396165019341, 73.958633652915054], [68.003603834980652, 73.041366347084946]] Angle Difference ::  3.1805546814635168e-15 LHD ::  4.49994161082
[[64, 75], [76, 82]] [[68, 74], [78, 81]]
	After ::  [[64, 75], [76, 82]] [[67.728117403242976, 74.424735151891738], [78.271882596757024, 80.575264848108262]] Angle Difference ::  2.5444437451708134e-14 LHD ::  2.77891720815
[[76, 82], [65, 86]] [[78, 81], [67, 83]]
	After ::  [[76, 82], [65, 86]] [[78.246395050681514, 81.910401799752179], [66.753604949318486, 82.089598200247821]] Angle Difference ::  19.08981903866046 LHD ::  2.54140164654
[[65, 86], [52, 87]] [[67, 83], [56, 83]]
	After ::  [[65, 86], [52, 87]] [[66.983799670258705, 82.578169256133947], [56.016200329741302, 83.421830743866053]] Angle Difference ::  8.74652537402467e-15 LHD ::  4.09631388689
[[43, 83], [52, 87]] [[48, 78], [56, 83]]
	After ::  [[43, 83], [52, 87]] [[47.689559546030537, 78.584248687124685], [56.310440453969463, 82.415751312875315]] Angle Difference ::  1.5902773407317584e-14 LHD ::  6.23445210159
[[122, 81], [133, 73]] [[121, 84], [131, 77]]
	After ::  [[122, 81], [133, 73]] [[121.06405900425122, 84.089775269635481], [130.93594099574878, 76.910224730364519]] Angle Difference ::  3.81666561775622e-14 LHD ::  3.8612899795
[[133, 73], [146, 73]] [[131, 77], [142, 77]]
	After ::  [[133, 73], [146, 73]] [[131, 77], [142, 77]] Angle Difference ::  0.0 LHD ::  4.47213595499958
[[146, 73], [156, 80]] [[142, 77], [149, 83]]
	After ::  [[146, 73], [156, 80]] [[141.72352744397062, 77.356469210779451], [149.27647255602938, 82.643530789220549]] Angle Difference ::  1.3994440598439473e-13 LHD ::  6.16357483731
[[156, 80], [147, 84]] [[149, 83], [142, 87]]
	After ::  [[156, 80], [147, 84]] [[148.8163078808258, 82.637196497410741], [142.1836921191742, 87.362803502589259]] Angle Difference ::  11.506628434797546 LHD ::  6.12071351793
[[147, 84], [134, 84]] [[142, 87], [132, 87]]
	After ::  [[147, 84], [134, 84]] [[142, 87], [132, 87]] Angle Difference ::  0.0 LHD ::  3.605551275463989
[[122, 81], [134, 84]] [[121, 84], [132, 87]]
	After ::  [[122, 81], [134, 84]] [[120.96933681245028, 84.117334203112563], [132.03066318754972, 86.882665796887437]] Angle Difference ::  6.997220299219736e-14 LHD ::  3.09332692179
[[65, 162], [75, 155]] [[61, 153], [72, 146]]
	After ::  [[64.8508995645727, 161.7767002770901], [75.1491004354273, 155.2232997229099]] [[61, 153], [72, 146]] Angle Difference ::  0.0 LHD ::  9.74608101126
[[75, 155], [87, 149]] [[72, 146], [87, 143]]
	After ::  [[74.422064855197277, 153.31558702896055], [87.577935144802723, 150.68441297103945]] [[72, 146], [87, 143]] Angle Difference ::  4.770832022195275e-14 LHD ::  7.70644127694
[[87, 149], [97, 152]] [[87, 143], [98, 145]]
	After ::  [[86.864048286831348, 149.5661905976057], [97.135951713168652, 151.4338094023943]] [[87, 143], [98, 145]] Angle Difference ::  2.7034714792439894e-14 LHD ::  6.44002694938
[[97, 152], [106, 149]] [[98, 145], [109, 143]]
	After ::  [[96.833095244168788, 151.34852813742387], [106.16690475583121, 149.65147186257613]] [[98, 145], [109, 143]] Angle Difference ::  1.5425690205098056e-13 LHD ::  6.75296673663
[[106, 149], [120, 154]] [[109, 143], [121, 147]]
	After ::  [[106, 149], [120, 154]] [[109.04390118263876, 142.87282185094242], [120.95609881736124, 147.12717814905758]] Angle Difference ::  0.0 LHD ::  6.3249180769
[[120, 154], [133, 162]] [[121, 147], [131, 155]]
	After ::  [[120, 154], [133, 162]] [[120.54672599029787, 147.64413907095255], [131.45327400970211, 154.35586092904745]] Angle Difference ::  5.088887490341627e-14 LHD ::  6.61181311085
[[133, 162], [120, 169]] [[131, 155], [121, 171]]
	After ::  [[135.5873297143709, 164.76027245700658], [117.4126702856291, 166.23972754299342]] [[131, 155], [121, 171]] Angle Difference ::  53.34088205967277 LHD ::  8.41100919549
[[120, 169], [107, 173]] [[121, 171], [108, 178]]
	After ::  [[120.51214915030734, 170.22422738060374], [106.48785084969266, 171.77577261939626]] [[121, 171], [108, 178]] Angle Difference ::  21.98764511593302 LHD ::  3.66202279486
[[107, 173], [97, 174]] [[108, 178], [96, 179]]
	After ::  [[106.99241953944167, 172.9172983717132], [97.00758046055833, 174.0827016282868]] [[108, 178], [96, 179]] Angle Difference ::  1.8936443167100878 LHD ::  5.09970330036
[[97, 174], [87, 173]] [[96, 179], [84, 177]]
	After ::  [[96.956568123971223, 174.32609468732855], [87.043431876028777, 172.67390531267145]] [[96, 179], [84, 177]] Angle Difference ::  1.335832966214677e-13 LHD ::  4.45226267965
[[87, 173], [75, 169]] [[84, 177], [71, 169]]
	After ::  [[86.386360138022766, 174.31468316186016], [75.613639861977234, 167.68531683813984]] [[84, 177], [71, 169]] Angle Difference ::  3.81666561775622e-14 LHD ::  3.63278957599
[[75, 169], [70, 162]] [[71, 169], [66, 154]]
	After ::  [[73.86014705087355, 169.58044115262064], [71.13985294912645, 161.41955884737936]] [[71, 169], [66, 154]] Angle Difference ::  6.361109362927034e-14 LHD ::  2.9198102989
[[70, 162], [87, 159]] [[66, 154], [86, 152]]
	After ::  [[69.911497439156008, 161.35885025608439], [87.088502560843992, 159.64114974391561]] [[66, 154], [86, 152]] Angle Difference ::  2.8624992133171654e-14 LHD ::  7.71829248477
[[87, 159], [97, 160]] [[86, 152], [97, 153]]
	After ::  [[86.99569857154016, 159.04506350650365], [97.00430142845984, 159.95493649349635]] [[86, 152], [97, 153]] Angle Difference ::  1.4312496066585827e-14 LHD ::  6.95493782412
[[97, 160], [106, 159]] [[97, 153], [108, 152]]
	After ::  [[96.990901729490162, 159.9099180245918], [106.00909827050984, 159.0900819754082]] [[97, 153], [108, 152]] Angle Difference ::  0.0 LHD ::  7.0886505341
[[106, 159], [128, 162]] [[108, 152], [126, 156]]
	After ::  [[106, 159], [128, 162]] [[107.8649972160886, 152.7543178021939], [126.1350027839114, 155.2456821978061]] Angle Difference ::  2.3854160110976374e-14 LHD ::  6.74848828602
[[128, 162], [106, 160]] [[126, 156], [108, 162]]
	After ::  [[128, 162], [106, 160]] [[125.55212748382118, 152.14110249852919], [108.44787251617882, 165.85889750147081]] Angle Difference ::  43.92441400365378 LHD ::  19.9329225588
[[106, 160], [97, 161]] [[108, 162], [97, 163]]
	After ::  [[105.99090172949016, 159.9099180245918], [97.009098270509838, 161.0900819754082]] [[108, 162], [97, 163]] Angle Difference ::  2.2910677222865106 LHD ::  2.10888425504
[[97, 161], [87, 160]] [[97, 163], [86, 161]]
	After ::  [[96.943885111933724, 161.39888820216976], [87.056114888066276, 159.60111179783024]] [[97, 163], [86, 161]] Angle Difference ::  1.1609024587341835e-13 LHD ::  1.41810330703
[[65, 162], [87, 160]] [[61, 153], [86, 161]]
	After ::  [[65.480131452696767, 157.63364206486295], [86.519868547303233, 164.36635793513705]] [[61, 153], [86, 161]] Angle Difference ::  5.406942958487979e-14 LHD ::  3.41003256074
[[97, 152], [97, 174]] [[98, 145], [96, 179]]
	After ::  [[96.354057758533827, 173.98101810492494], [97.645942241466173, 152.01898189507506]] [[98, 145], [96, 179]] Angle Difference ::  0.0 LHD ::  11.8164624863
[[65, 162], [133, 162]] [[61, 153], [131, 155]]
	After ::  [[65.013869060336376, 161.02896768743818], [132.98613093966361, 162.97103231256182]] [[61, 153], [131, 155]] Angle Difference ::  1.987846675914698e-16 LHD ::  8.21474728175
[[22, 113], [185, 111]] [[23, 99], [169, 108]]
	After ::  [[22, 113], [185, 111]] [[22.866937817568243, 104.39733818628751], [169.13306218243176, 102.60266181371249]] Angle Difference ::  5.267793691173949e-15 LHD ::  8.63564113758
[[25, 133], [183, 134]] [[25, 120], [167, 128]]
	After ::  [[25, 133], [183, 134]] [[24.888837469698363, 123.54992935107404], [167.11116253030164, 124.45007064892596]] Angle Difference ::  9.93923337957349e-16 LHD ::  9.450724766
[[29, 153], [178, 154]] [[27, 140], [163, 147]]
	After ::  [[29, 153], [178, 154]] [[26.911519485873107, 143.04303033211994], [163.0884805141269, 143.95696966788006]] Angle Difference ::  1.1181637552020176e-14 LHD ::  10.1736424068
[[34, 172], [169, 173]] [[32, 160], [155, 165]]
	After ::  [[34, 172], [169, 173]] [[31.950896532885075, 162.04408071505841], [155.04910346711492, 162.95591928494159]] Angle Difference ::  5.118705190480348e-15 LHD ::  10.1646030442
[[45, 188], [158, 188]] [[42, 177], [144, 180]]
	After ::  [[45, 188], [158, 188]] [[41.977945944915156, 178.5], [144.02205405508485, 178.5]] Angle Difference ::  0.0 LHD ::  9.96909281025
[[59, 200], [142, 199]] [[56, 193], [132, 194]]
	After ::  [[59, 200], [142, 199]] [[55.999468627197004, 193.95783772738318], [132.00053137280298, 193.04216227261682]] Angle Difference ::  1.580338107352185e-14 LHD ::  6.7461777216
[[78, 206], [121, 206]] [[73, 203], [115, 203]]
	After ::  [[78, 206], [121, 206]] [[73, 203], [115, 203]] Angle Difference ::  0.0 LHD ::  5.830951894845301
[[97.5, 44.0], [99, 208]] [[100.5, 50.0], [94, 205]]
	After ::  [[97.5, 44.0], [99, 208]] [[103.0405652049154, -105.06487092925201], [91.459434795084604, 360.06487092925204]] Angle Difference ::  178.04967156151432 LHD ::  150.96085175
[[24, 79], [23, 99]] [[21, 93], [22, 113]]
	After ::  [[24, 79], [23, 99]] [[21.0, 113.0], [22.0, 93.0]] Angle Difference ::  0.0 LHD ::  16.8995756202
[[23, 99], [25, 120]] [[22, 113], [25, 133]]
	After ::  [[23, 99], [25, 120]] [[22.541302381563661, 112.93367500641845], [24.458697618436339, 133.06632499358153]] Angle Difference ::  1.2722218725854067e-14 LHD ::  13.0821918666
[[25, 120], [27, 140]] [[25, 133], [29, 153]]
	After ::  [[24.029057234566313, 120.14528617283158], [27.970942765433687, 139.85471382716844]] [[25, 133], [29, 153]] Angle Difference ::  0.0 LHD ::  12.8913338583
[[27, 140], [32, 160]] [[29, 153], [34, 172]]
	After ::  [[27, 140], [32, 160]] [[29.117465511637807, 152.96986204655124], [33.88253448836219, 172.03013795344876]] Angle Difference ::  1.2722218725854067e-14 LHD ::  12.176541188
[[32, 160], [42, 177]] [[34, 172], [45, 188]]
	After ::  [[32, 160], [42, 177]] [[34.577724939240099, 171.63213239670816], [44.422275060759901, 188.36786760329184]] Angle Difference ::  2.5444437451708134e-14 LHD ::  11.6230742537
[[42, 177], [56, 193]] [[45, 188], [59, 200]]
	After ::  [[42, 177], [56, 193]] [[45.928887492423975, 187.06158570562741], [58.071112507576025, 200.93841429437259]] Angle Difference ::  3.180554681463517e-14 LHD ::  8.20416666588
[[56, 193], [73, 203]] [[59, 200], [78, 206]]
	After ::  [[55.096205010661315, 195.03038052968253], [73.903794989338678, 200.96961947031747]] [[59, 200], [78, 206]] Angle Difference ::  5.724998426634331e-14 LHD ::  6.31975748078
[[73, 203], [94, 205]] [[78, 206], [99, 208]]
	After ::  [[73, 203], [94, 205]] [[78, 206], [99, 208]] Angle Difference ::  0.0 LHD ::  5.830951894845301
[[94, 205], [115, 203]] [[99, 208], [121, 206]]
	After ::  [[93.995804897370846, 204.95492682751174], [115.00419510262915, 203.04507317248826]] [[99, 208], [121, 206]] Angle Difference ::  0.0 LHD ::  5.85785278505
[[115, 203], [132, 194]] [[121, 206], [142, 199]]
	After ::  [[114.37585620455268, 201.54138126514911], [132.62414379544734, 195.45861873485089]] [[121, 206], [142, 199]] Angle Difference ::  1.2722218725854067e-14 LHD ::  7.98494244947
[[132, 194], [144, 180]] [[142, 199], [158, 188]]
	After ::  [[130.40270884517076, 192.2231376689451], [145.59729115482924, 181.7768623310549]] [[142, 199], [158, 188]] Angle Difference ::  0.0 LHD ::  13.4323336284
[[144, 180], [155, 165]] [[158, 188], [169, 173]]
	After ::  [[144, 180], [155, 165]] [[158, 188], [169, 173]] Angle Difference ::  0.0 LHD ::  16.1245154965971
[[155, 165], [163, 147]] [[169, 173], [178, 154]]
	After ::  [[154.78383846377449, 164.90078546536498], [163.21616153622551, 147.09921453463502]] [[169, 173], [178, 154]] Angle Difference ::  1.2722218725854067e-14 LHD ::  16.3614340827
[[163, 147], [167, 128]] [[178, 154], [183, 134]]
	After ::  [[162.64540499298525, 146.91838002805903], [167.35459500701475, 128.08161997194097]] [[178, 154], [183, 134]] Angle Difference ::  3.81666561775622e-14 LHD ::  16.9089600872
[[167, 128], [169, 108]] [[183, 134], [185, 111]]
	After ::  [[167.12938313042793, 128.01209400007892], [168.87061686957207, 107.98790599992107]] [[183, 134], [185, 111]] Angle Difference ::  2.5444437451708134e-14 LHD ::  16.9626500911
[[169, 108], [169, 88]] [[185, 111], [186, 89]]
	After ::  [[169.4540766091865, 108.01031459789701], [168.5459233908135, 87.989685402102992]] [[185, 111], [186, 89]] Angle Difference ::  174.8002315878692 LHD ::  15.6740868402
[[24, 79], [169, 88]] [[21, 93], [186, 89]]
	After ::  [[23.88181461929463, 85.260440857714073], [169.11818538070537, 81.739559142285927]] [[21, 93], [186, 89]] Angle Difference ::  2.782985346280577e-15 LHD ::  8.19268203773
[[33, 59], [44, 49]] [[27, 64], [35, 51]]
	After ::  [[34.604365819890674, 60.330405542677653], [42.395634180109326, 47.669594457322347]] [[27, 64], [35, 51]] Angle Difference ::  1.2722218725854067e-14 LHD ::  8.26703251333
[[44, 49], [60, 48]] [[35, 51], [51, 46]]
	After ::  [[44.349260961895155, 50.890855949407765], [59.650739038104845, 46.109144050592235]] [[35, 51], [51, 46]] Angle Difference ::  6.3611093629270335e-15 LHD ::  8.68450972956
[[60, 48], [75, 53]] [[51, 46], [67, 49]]
	After ::  [[59.72971310114189, 49.043071206464106], [75.270286898858117, 51.956928793535894]] [[51, 46], [67, 49]] Angle Difference ::  1.4312496066585827e-14 LHD ::  8.78301881191
[[75, 53], [89, 61]] [[67, 49], [84, 56]]
	After ::  [[74.545006835890248, 53.930296932425399], [89.454993164109752, 60.069703067574601]] [[67, 49], [84, 56]] Angle Difference ::  1.90833280887811e-14 LHD ::  6.80585824602
[[33, 59], [89, 61]] [[27, 64], [84, 56]]
	After ::  [[33.25409045410791, 63.894162743283104], [88.74590954589209, 56.105837256716896]] [[27, 64], [84, 56]] Angle Difference ::  7.951386703658792e-15 LHD ::  4.76518901328
[[113, 62], [127, 56]] [[109, 55], [126, 47]]
	After ::  [[113.10910606209498, 62.242773617837656], [126.89089393790502, 55.757226382162344]] [[109, 55], [126, 47]] Angle Difference ::  0.0 LHD ::  8.80242622288
[[127, 56], [141, 52]] [[126, 47], [144, 42]]
	After ::  [[126.98548373760417, 55.948476739554394], [141.01451626239583, 52.051523260445606]] [[126, 47], [144, 42]] Angle Difference ::  2.2263882770244617e-14 LHD ::  9.7920980619
[[141, 52], [156, 54]] [[144, 42], [161, 46]]
	After ::  [[141.13476264391463, 51.267002975038736], [155.86523735608537, 54.732997024961264]] [[144, 42], [161, 46]] Angle Difference ::  0.0 LHD ::  9.25534502913
[[156, 54], [165, 65]] [[161, 46], [172, 59]]
	After ::  [[155.90971791115487, 54.075121167728483], [165.09028208884513, 64.924878832271517]] [[161, 46], [172, 59]] Angle Difference ::  6.3611093629270335e-15 LHD ::  9.0929544569
[[113, 62], [165, 65]] [[109, 55], [172, 59]]
	After ::  [[113.00910182477661, 61.849784242842958], [164.99089817522338, 65.150215757157042]] [[109, 55], [172, 59]] Angle Difference ::  3.975693351829396e-15 LHD ::  7.57252952387
[[89, 61], [113, 62]] [[84, 56], [109, 55]]
	After ::  [[88.999184665611423, 61.980032613375542], [113.00081533438858, 61.019967386624458]] [[84, 56], [109, 55]] Angle Difference ::  5.565970692561154e-15 LHD ::  7.22817923536
[[89, 61], [101, 77]] [[84, 56], [97, 72]]
	After ::  [[88.694073749055349, 61.238859998837341], [101.30592625094465, 76.761140001162659]] [[84, 56], [97, 72]] Angle Difference ::  3.180554681463517e-14 LHD ::  6.41945926533
[[113, 62], [101, 77]] [[109, 55], [97, 72]]
	After ::  [[113.46113876020367, 62.346720089711482], [100.53886123979633, 76.653279910288518]] [[109, 55], [97, 72]] Angle Difference ::  6.872062116052235 LHD ::  7.47821940125
[[101, 77], [101, 90]] [[97, 72], [97, 84]]
	After ::  [[101, 77], [101, 90]] [[97, 72], [97, 84]] Angle Difference ::  0.0 LHD ::  6.4031242374328485
[[101, 90], [102, 103]] [[97, 84], [97, 96]]
	After ::  [[101, 90], [102, 103]] [[96.539821006691582, 84.017673086990513], [97.460178993308418, 95.982326913009487]] Angle Difference ::  3.81666561775622e-14 LHD ::  7.46200152002
[[102, 103], [102, 117]] [[97, 96], [97, 108]]
	After ::  [[102, 103], [102, 117]] [[97, 96], [97, 108]] Angle Difference ::  0.0 LHD ::  8.602325267042627
[[102, 117], [81, 126]] [[97, 108], [80, 127]]
	After ::  [[104.8827624631821, 121.01338312938472], [78.117237536817896, 121.98661687061528]] [[97, 108], [80, 127]] Angle Difference ::  46.0973889930119 LHD ::  10.2443957584
[[81, 126], [91, 128]] [[80, 127], [89, 128]]
	After ::  [[81, 126], [91, 128]] [[80.060232161301855, 126.61204643226037], [88.939767838698145, 128.38795356773963]] Angle Difference ::  0.0 LHD ::  1.06450454569
[[91, 128], [100, 132]] [[89, 128], [97, 130]]
	After ::  [[91, 128], [100, 132]] [[89.232258463129426, 127.3254482058353], [96.767741536870574, 130.6745517941647]] Angle Difference ::  0.0 LHD ::  1.89230840722
[[100, 132], [108, 130]] [[97, 130], [107, 128]]
	After ::  [[99.956962299686793, 131.80860754006264], [108.04303770031321, 130.19139245993736]] [[97, 130], [107, 128]] Angle Difference ::  3.975693351829396e-14 LHD ::  2.42695976154
[[108, 130], [117, 128]] [[107, 128], [117, 127]]
	After ::  [[107.9131051940996, 129.45868948059004], [117.0868948059004, 128.54131051940996]] [[107, 128], [117, 127]] Angle Difference ::  1.828818941841522e-14 LHD ::  1.54382296927
[[101, 77], [117, 128]] [[97, 72], [117, 127]]
	After ::  [[99.866760793992057, 77.383592183478157], [118.13323920600794, 127.61640781652184]] [[97, 72], [117, 127]] Angle Difference ::  0.0 LHD ::  1.29003632187
[[117, 128], [102, 117]] [[117, 127], [97, 108]]
	After ::  [[116.24288450580366, 128.90574028051347], [102.75711549419634, 116.09425971948652]] [[117, 127], [97, 108]] Angle Difference ::  6.3611093629270335e-15 LHD ::  2.31827006278
[[48, 78], [57, 73]] [[43, 83], [52, 76]]
	After ::  [[48.436560759462687, 78.660452742640132], [56.563439240537313, 72.339547257359868]] [[43, 83], [52, 76]] Angle Difference ::  6.3611093629270335e-15 LHD ::  6.37284325071
[[57, 73], [68, 74]] [[52, 76], [64, 75]]
	After ::  [[56.996396165019341, 73.958633652915054], [68.003603834980652, 73.041366347084946]] [[52, 76], [64, 75]] Angle Difference ::  3.1805546814635168e-15 LHD ::  4.49994161082
[[68, 74], [78, 81]] [[64, 75], [76, 82]]
	After ::  [[67.728117403242976, 74.424735151891738], [78.271882596757024, 80.575264848108262]] [[64, 75], [76, 82]] Angle Difference ::  2.5444437451708134e-14 LHD ::  2.77891720815
[[78, 81], [67, 83]] [[76, 82], [65, 86]]
	After ::  [[78.246395050681514, 81.910401799752179], [66.753604949318486, 82.089598200247821]] [[76, 82], [65, 86]] Angle Difference ::  19.08981903866046 LHD ::  2.54140164654
[[67, 83], [56, 83]] [[65, 86], [52, 87]]
	After ::  [[66.983799670258705, 82.578169256133947], [56.016200329741302, 83.421830743866053]] [[65, 86], [52, 87]] Angle Difference ::  8.74652537402467e-15 LHD ::  4.09631388689
[[48, 78], [56, 83]] [[43, 83], [52, 87]]
	After ::  [[47.689559546030537, 78.584248687124685], [56.310440453969463, 82.415751312875315]] [[43, 83], [52, 87]] Angle Difference ::  1.5902773407317584e-14 LHD ::  6.23445210159
[[121, 84], [131, 77]] [[122, 81], [133, 73]]
	After ::  [[121.06405900425122, 84.089775269635481], [130.93594099574878, 76.910224730364519]] [[122, 81], [133, 73]] Angle Difference ::  3.81666561775622e-14 LHD ::  3.8612899795
[[131, 77], [142, 77]] [[133, 73], [146, 73]]
	After ::  [[131, 77], [142, 77]] [[133, 73], [146, 73]] Angle Difference ::  0.0 LHD ::  4.47213595499958
[[142, 77], [149, 83]] [[146, 73], [156, 80]]
	After ::  [[141.72352744397062, 77.356469210779451], [149.27647255602938, 82.643530789220549]] [[146, 73], [156, 80]] Angle Difference ::  1.3994440598439473e-13 LHD ::  6.16357483731
[[149, 83], [142, 87]] [[156, 80], [147, 84]]
	After ::  [[148.8163078808258, 82.637196497410741], [142.1836921191742, 87.362803502589259]] [[156, 80], [147, 84]] Angle Difference ::  11.506628434797546 LHD ::  6.12071351793
[[142, 87], [132, 87]] [[147, 84], [134, 84]]
	After ::  [[142, 87], [132, 87]] [[147, 84], [134, 84]] Angle Difference ::  0.0 LHD ::  3.605551275463989
[[121, 84], [132, 87]] [[122, 81], [134, 84]]
	After ::  [[120.96933681245028, 84.117334203112563], [132.03066318754972, 86.882665796887437]] [[122, 81], [134, 84]] Angle Difference ::  6.997220299219736e-14 LHD ::  3.09332692179
[[61, 153], [72, 146]] [[65, 162], [75, 155]]
	After ::  [[61, 153], [72, 146]] [[64.8508995645727, 161.7767002770901], [75.1491004354273, 155.2232997229099]] Angle Difference ::  0.0 LHD ::  9.74608101126
[[72, 146], [87, 143]] [[75, 155], [87, 149]]
	After ::  [[72, 146], [87, 143]] [[74.422064855197277, 153.31558702896055], [87.577935144802723, 150.68441297103945]] Angle Difference ::  4.770832022195275e-14 LHD ::  7.70644127694
[[87, 143], [98, 145]] [[87, 149], [97, 152]]
	After ::  [[87, 143], [98, 145]] [[86.864048286831348, 149.5661905976057], [97.135951713168652, 151.4338094023943]] Angle Difference ::  2.7034714792439894e-14 LHD ::  6.44002694938
[[98, 145], [109, 143]] [[97, 152], [106, 149]]
	After ::  [[98, 145], [109, 143]] [[96.833095244168788, 151.34852813742387], [106.16690475583121, 149.65147186257613]] Angle Difference ::  1.5425690205098056e-13 LHD ::  6.75296673663
[[109, 143], [121, 147]] [[106, 149], [120, 154]]
	After ::  [[109.04390118263876, 142.87282185094242], [120.95609881736124, 147.12717814905758]] [[106, 149], [120, 154]] Angle Difference ::  0.0 LHD ::  6.3249180769
[[121, 147], [131, 155]] [[120, 154], [133, 162]]
	After ::  [[120.54672599029787, 147.64413907095255], [131.45327400970211, 154.35586092904745]] [[120, 154], [133, 162]] Angle Difference ::  5.088887490341627e-14 LHD ::  6.61181311085
[[131, 155], [121, 171]] [[133, 162], [120, 169]]
	After ::  [[131, 155], [121, 171]] [[135.5873297143709, 164.76027245700658], [117.4126702856291, 166.23972754299342]] Angle Difference ::  53.34088205967277 LHD ::  8.41100919549
[[121, 171], [108, 178]] [[120, 169], [107, 173]]
	After ::  [[121, 171], [108, 178]] [[120.51214915030734, 170.22422738060374], [106.48785084969266, 171.77577261939626]] Angle Difference ::  21.98764511593302 LHD ::  3.66202279486
[[108, 178], [96, 179]] [[107, 173], [97, 174]]
	After ::  [[108, 178], [96, 179]] [[106.99241953944167, 172.9172983717132], [97.00758046055833, 174.0827016282868]] Angle Difference ::  1.8936443167100878 LHD ::  5.09970330036
[[96, 179], [84, 177]] [[97, 174], [87, 173]]
	After ::  [[96, 179], [84, 177]] [[96.956568123971223, 174.32609468732855], [87.043431876028777, 172.67390531267145]] Angle Difference ::  1.335832966214677e-13 LHD ::  4.45226267965
[[84, 177], [71, 169]] [[87, 173], [75, 169]]
	After ::  [[84, 177], [71, 169]] [[86.386360138022766, 174.31468316186016], [75.613639861977234, 167.68531683813984]] Angle Difference ::  3.81666561775622e-14 LHD ::  3.63278957599
[[71, 169], [66, 154]] [[75, 169], [70, 162]]
	After ::  [[71, 169], [66, 154]] [[73.86014705087355, 169.58044115262064], [71.13985294912645, 161.41955884737936]] Angle Difference ::  6.361109362927034e-14 LHD ::  2.9198102989
[[66, 154], [86, 152]] [[70, 162], [87, 159]]
	After ::  [[66, 154], [86, 152]] [[69.911497439156008, 161.35885025608439], [87.088502560843992, 159.64114974391561]] Angle Difference ::  2.8624992133171654e-14 LHD ::  7.71829248477
[[86, 152], [97, 153]] [[87, 159], [97, 160]]
	After ::  [[86, 152], [97, 153]] [[86.99569857154016, 159.04506350650365], [97.00430142845984, 159.95493649349635]] Angle Difference ::  1.4312496066585827e-14 LHD ::  6.95493782412
[[97, 153], [108, 152]] [[97, 160], [106, 159]]
	After ::  [[97, 153], [108, 152]] [[96.990901729490162, 159.9099180245918], [106.00909827050984, 159.0900819754082]] Angle Difference ::  0.0 LHD ::  7.0886505341
[[108, 152], [126, 156]] [[106, 159], [128, 162]]
	After ::  [[107.8649972160886, 152.7543178021939], [126.1350027839114, 155.2456821978061]] [[106, 159], [128, 162]] Angle Difference ::  2.3854160110976374e-14 LHD ::  6.74848828602
[[126, 156], [108, 162]] [[128, 162], [106, 160]]
	After ::  [[125.55212748382118, 152.14110249852919], [108.44787251617882, 165.85889750147081]] [[128, 162], [106, 160]] Angle Difference ::  43.92441400365378 LHD ::  19.9329225588
[[108, 162], [97, 163]] [[106, 160], [97, 161]]
	After ::  [[108, 162], [97, 163]] [[105.99090172949016, 159.9099180245918], [97.009098270509838, 161.0900819754082]] Angle Difference ::  2.2910677222865106 LHD ::  2.10888425504
[[97, 163], [86, 161]] [[97, 161], [87, 160]]
	After ::  [[97, 163], [86, 161]] [[96.943885111933724, 161.39888820216976], [87.056114888066276, 159.60111179783024]] Angle Difference ::  1.1609024587341835e-13 LHD ::  1.41810330703
[[61, 153], [86, 161]] [[65, 162], [87, 160]]
	After ::  [[61, 153], [86, 161]] [[65.480131452696767, 157.63364206486295], [86.519868547303233, 164.36635793513705]] Angle Difference ::  5.406942958487979e-14 LHD ::  3.41003256074
[[98, 145], [96, 179]] [[97, 152], [97, 174]]
	After ::  [[98, 145], [96, 179]] [[96.354057758533827, 173.98101810492494], [97.645942241466173, 152.01898189507506]] Angle Difference ::  0.0 LHD ::  11.8164624863
[[61, 153], [131, 155]] [[65, 162], [133, 162]]
	After ::  [[61, 153], [131, 155]] [[65.013869060336376, 161.02896768743818], [132.98613093966361, 162.97103231256182]] Angle Difference ::  1.987846675914698e-16 LHD ::  8.21474728175
[[23, 99], [169, 108]] [[22, 113], [185, 111]]
	After ::  [[22.866937817568243, 104.39733818628751], [169.13306218243176, 102.60266181371249]] [[22, 113], [185, 111]] Angle Difference ::  5.267793691173949e-15 LHD ::  8.63564113758
[[25, 120], [167, 128]] [[25, 133], [183, 134]]
	After ::  [[24.888837469698363, 123.54992935107404], [167.11116253030164, 124.45007064892596]] [[25, 133], [183, 134]] Angle Difference ::  9.93923337957349e-16 LHD ::  9.450724766
[[27, 140], [163, 147]] [[29, 153], [178, 154]]
	After ::  [[26.911519485873107, 143.04303033211994], [163.0884805141269, 143.95696966788006]] [[29, 153], [178, 154]] Angle Difference ::  1.1181637552020176e-14 LHD ::  10.1736424068
[[32, 160], [155, 165]] [[34, 172], [169, 173]]
	After ::  [[31.950896532885075, 162.04408071505841], [155.04910346711492, 162.95591928494159]] [[34, 172], [169, 173]] Angle Difference ::  5.118705190480348e-15 LHD ::  10.1646030442
[[42, 177], [144, 180]] [[45, 188], [158, 188]]
	After ::  [[41.977945944915156, 178.5], [144.02205405508485, 178.5]] [[45, 188], [158, 188]] Angle Difference ::  0.0 LHD ::  9.96909281025
[[56, 193], [132, 194]] [[59, 200], [142, 199]]
	After ::  [[55.999468627197004, 193.95783772738318], [132.00053137280298, 193.04216227261682]] [[59, 200], [142, 199]] Angle Difference ::  1.580338107352185e-14 LHD ::  6.7461777216
[[73, 203], [115, 203]] [[78, 206], [121, 206]]
	After ::  [[73, 203], [115, 203]] [[78, 206], [121, 206]] Angle Difference ::  0.0 LHD ::  5.830951894845301
[[100.5, 50.0], [94, 205]] [[97.5, 44.0], [99, 208]]
	After ::  [[103.0405652049154, -105.06487092925201], [91.459434795084604, 360.06487092925204]] [[97.5, 44.0], [99, 208]] Angle Difference ::  178.04967156151432 LHD ::  150.96085175
