[[21, 93], [22, 113]] [[26, 79], [26, 99]]
	After ::  [[21, 93], [22, 113]] [[25.500623830561079, 79.012476611221558], [26.499376169438921, 98.987523388778442]] Angle Difference ::  0.0 LHD ::  14.6934329384
[[22, 113], [25, 133]] [[26, 99], [28, 119]]
	After ::  [[22, 113], [25, 133]] [[25.509196898470304, 99.061312656468687], [28.490803101529696, 118.93868734353131]] Angle Difference ::  0.0 LHD ::  14.3718743869
[[25, 133], [29, 153]] [[28, 119], [30, 139]]
	After ::  [[25, 133], [29, 153]] [[27.029057234566313, 119.14528617283158], [30.970942765433687, 138.85471382716844]] Angle Difference ::  0.0 LHD ::  14.0055852854
[[29, 153], [34, 172]] [[30, 139], [34, 159]]
	After ::  [[29.573464648251047, 152.86732324125524], [33.426535351748953, 172.13267675874476]] [[30, 139], [34, 159]] Angle Difference ::  0.0 LHD ::  13.1680271679
[[34, 172], [45, 188]] [[34, 159], [43, 177]]
	After ::  [[35.158341330781518, 171.31668266156305], [43.841658669218482, 188.68331733843695]] [[34, 159], [43, 177]] Angle Difference ::  3.81666561775622e-14 LHD ::  11.713610152
[[45, 188], [59, 200]] [[43, 177], [56, 193]]
	After ::  [[46.186223258500547, 186.84458247200067], [57.813776741499453, 201.15541752799933]] [[43, 177], [56, 193]] Angle Difference ::  2.5444437451708134e-14 LHD ::  8.35473922218
[[59, 200], [78, 206]] [[56, 193], [73, 202]]
	After ::  [[59, 200], [78, 206]] [[55.328735600796321, 194.60381124235673], [73.671264399203679, 200.39618875764327]] Angle Difference ::  3.498610149609868e-14 LHD ::  6.52672269697
[[78, 206], [99, 208]] [[73, 202], [94, 203]]
	After ::  [[78, 206], [99, 208]] [[73.035453111910016, 201.50337648684857], [93.964546888089984, 203.49662351315143]] Angle Difference ::  3.657637883683044e-14 LHD ::  6.69823513007
[[99, 208], [121, 206]] [[94, 203], [115, 202]]
	After ::  [[99, 208], [121, 206]] [[94.03127217398972, 203.45170252963729], [114.96872782601028, 201.54829747036271]] Angle Difference ::  5.565970692561154e-14 LHD ::  6.7361167991
[[121, 206], [142, 199]] [[115, 202], [132, 195]]
	After ::  [[121, 206], [142, 199]] [[114.77933488775082, 201.40688837074973], [132.22066511224918, 195.59311162925027]] Angle Difference ::  0.0 LHD ::  7.73261736779
[[142, 199], [158, 188]] [[132, 195], [145, 183]]
	After ::  [[142, 199], [158, 188]] [[131.21060506526166, 194.0114590176326], [145.78939493473834, 183.9885409823674]] Angle Difference ::  3.180554681463517e-14 LHD ::  11.8868416284
[[158, 188], [169, 173]] [[145, 183], [155, 167]]
	After ::  [[158.57072492053965, 188.38684012713654], [168.42927507946035, 172.61315987286346]] [[145, 183], [155, 167]] Angle Difference ::  8.905553108097847e-14 LHD ::  14.5551716976
[[169, 173], [178, 154]] [[155, 167], [162, 148]]
	After ::  [[169, 173], [178, 154]] [[154.16595608564199, 166.64964826364468], [162.83404391435801, 148.35035173635532]] Angle Difference ::  0.0 LHD ::  16.1361671366
[[178, 154], [183, 134]] [[162, 148], [167, 128]]
	After ::  [[178, 154], [183, 134]] [[162, 148], [167, 128]] Angle Difference ::  0.0 LHD ::  17.08800749063506
[[183, 134], [185, 111]] [[167, 128], [171, 109]]
	After ::  [[183, 134], [185, 111]] [[168.15897855367967, 128.17174663268375], [169.84102144632033, 108.82825336731626]] Angle Difference ::  0.0 LHD ::  15.9444243399
[[185, 111], [186, 89]] [[171, 109], [173, 88]]
	After ::  [[185, 111], [186, 89]] [[171.52106217178118, 109.03663222081425], [172.47893782821882, 87.963367779185745]] Angle Difference ::  6.361109362927034e-14 LHD ::  13.6211814477
[[21, 93], [186, 89]] [[26, 79], [173, 88]]
	After ::  [[21, 93], [186, 89]] [[25.88400245263448, 85.284630243572494], [173.11599754736551, 81.715369756427506]] Angle Difference ::  2.782985346280577e-15 LHD ::  9.02997928365
[[27, 64], [35, 51]] [[34, 60], [43, 50]]
	After ::  [[27, 64], [35, 51]] [[34.974495135536444, 60.728945404753283], [42.025504864463556, 49.271054595246717]] Angle Difference ::  1.2722218725854067e-14 LHD ::  7.82288094369
[[35, 51], [51, 46]] [[43, 50], [58, 49]]
	After ::  [[35, 51], [51, 46]] [[43.325509801488266, 51.742028187034919], [57.674490198511734, 47.257971812965081]] Angle Difference ::  9.54166404439055e-15 LHD ::  6.79223315424
[[51, 46], [67, 49]] [[58, 49], [72, 53]]
	After ::  [[51, 46], [67, 49]] [[57.844582472000674, 49.658359213500127], [72.155417527999333, 52.341640786499873]] Angle Difference ::  9.54166404439055e-15 LHD ::  6.143693326
[[67, 49], [84, 56]] [[72, 53], [87, 61]]
	After ::  [[67, 49], [84, 56]] [[71.640236162964911, 53.763626655338491], [87.359763837035089, 60.236373344661509]] Angle Difference ::  6.3611093629270335e-15 LHD ::  5.40693717204
[[27, 64], [84, 56]] [[34, 60], [87, 61]]
	After ::  [[27, 64], [84, 56]] [[34.252538823131665, 64.183854200262218], [86.747461176868327, 56.816145799737775]] Angle Difference ::  1.5902773407317584e-15 LHD ::  2.86622834469
[[109, 55], [126, 47]] [[112, 61], [126, 55]]
	After ::  [[109, 55], [126, 47]] [[112.10910606209498, 61.242773617837656], [125.89089393790502, 54.757226382162344]] Angle Difference ::  0.0 LHD ::  7.71570835625
[[126, 47], [144, 42]] [[126, 55], [141, 51]]
	After ::  [[126, 47], [144, 42]] [[126.02108982396476, 55.077475048898677], [140.97891017603524, 50.922524951101323]] Angle Difference ::  9.54166404439055e-15 LHD ::  8.85973652551
[[144, 42], [161, 46]] [[141, 51], [155, 52]]
	After ::  [[144, 42], [161, 46]] [[141.16871948734186, 49.892639879374556], [154.83128051265814, 53.107360120625444]] Angle Difference ::  6.3611093629270335e-15 LHD ::  7.75504276538
[[161, 46], [172, 59]] [[155, 52], [165, 63]]
	After ::  [[161, 46], [172, 59]] [[155.19868911578342, 51.825723500471319], [164.80131088421658, 63.174276499528681]] Angle Difference ::  0.0 LHD ::  8.02570579353
[[109, 55], [172, 59]] [[112, 61], [165, 63]]
	After ::  [[109, 55], [172, 59]] [[112.03442969548385, 60.319646329871993], [164.96557030451615, 63.680353670128007]] Angle Difference ::  5.565970692561154e-15 LHD ::  5.75705934489
[[84, 56], [109, 55]] [[87, 61], [112, 61]]
	After ::  [[84, 56], [109, 55]] [[87.009988015977626, 61.499600479360893], [111.99001198402237, 60.500399520639107]] Angle Difference ::  7.951386703658792e-15 LHD ::  6.2605566131
[[84, 56], [97, 72]] [[87, 61], [99, 77]]
	After ::  [[84, 56], [97, 72]] [[86.694073749055349, 61.238859998837341], [99.305926250944651, 76.761140001162659]] Angle Difference ::  3.180554681463517e-14 LHD ::  5.2901561655
[[109, 55], [97, 72]] [[112, 61], [99, 77]]
	After ::  [[109, 55], [97, 72]] [[112.55568565945451, 61.421111982439449], [98.444314340545489, 76.578888017560558]] Angle Difference ::  7.734890947589564 LHD ::  6.06370388946
[[97, 72], [97, 84]] [[99, 77], [99, 89]]
	After ::  [[97, 72], [97, 84]] [[99, 77], [99, 89]] Angle Difference ::  0.0 LHD ::  5.385164807134504
[[97, 84], [97, 96]] [[99, 89], [100, 102]]
	After ::  [[96.539821006691582, 84.017673086990513], [97.460178993308418, 95.982326913009487]] [[99, 89], [100, 102]] Angle Difference ::  3.81666561775622e-14 LHD ::  5.55662639427
[[97, 96], [97, 108]] [[100, 102], [100, 114]]
	After ::  [[97, 96], [97, 108]] [[100, 102], [100, 114]] Angle Difference ::  0.0 LHD ::  6.708203932499369
[[97, 108], [80, 127]] [[100, 114], [82, 127]]
	After ::  [[97, 108], [80, 127]] [[101.59737572520082, 115.77352124830497], [80.40262427479918, 125.22647875169503]] Angle Difference ::  24.1427369113837 LHD ::  5.40005866348
[[80, 127], [89, 128]] [[82, 127], [90, 129]]
	After ::  [[80, 127], [89, 128]] [[81.902112382357316, 127.54467915359525], [90.097887617642684, 128.45532084640473]] Angle Difference ::  5.406942958487979e-14 LHD ::  1.18869668836
[[89, 128], [97, 130]] [[90, 129], [98, 132]]
	After ::  [[89.139415900535113, 127.55228096270066], [96.860584099464887, 130.44771903729932]] [[90, 129], [98, 132]] Angle Difference ::  4.4527765540489235e-14 LHD ::  1.68423961181
[[97, 130], [107, 128]] [[98, 132], [106, 130]]
	After ::  [[97, 130], [107, 128]] [[97.956962299686793, 131.80860754006264], [106.04303770031321, 130.19139245993736]] Angle Difference ::  3.975693351829396e-14 LHD ::  2.20821001677
[[107, 128], [117, 127]] [[106, 130], [113, 129]]
	After ::  [[107, 128], [117, 127]] [[105.98201227634854, 129.85179877236516], [113.01798772365146, 129.14820122763484]] Angle Difference ::  1.8208675551378634e-13 LHD ::  2.38727487058
[[97, 72], [117, 127]] [[99, 77], [113, 129]]
	After ::  [[97, 72], [117, 127]] [[96.798286417915662, 77.695287649268082], [115.20171358208434, 128.30471235073193]] Angle Difference ::  1.2722218725854067e-14 LHD ::  2.37478860939
[[117, 127], [97, 108]] [[113, 129], [100, 114]]
	After ::  [[117, 127], [97, 108]] [[113.69541392854877, 128.33564323212133], [99.304586071451226, 114.66435676787866]] Angle Difference ::  0.0 LHD ::  4.02176389979
[[43, 83], [52, 76]] [[47, 79], [56, 74]]
	After ::  [[43, 83], [52, 76]] [[47.436560759462687, 79.660452742640132], [55.563439240537313, 73.339547257359868]] Angle Difference ::  6.3611093629270335e-15 LHD ::  4.96597337805
[[52, 76], [64, 75]] [[56, 74], [67, 74]]
	After ::  [[52, 76], [64, 75]] [[56.018998329653165, 74.456750139195563], [66.981001670346842, 73.543249860804437]] Angle Difference ::  6.997220299219736e-14 LHD ::  3.36287508054
[[64, 75], [76, 82]] [[67, 74], [78, 81]]
	After ::  [[64, 75], [76, 82]] [[66.868850511699634, 74.215162798491448], [78.131149488300366, 80.784837201508552]] Angle Difference ::  3.180554681463517e-14 LHD ::  2.48486850267
[[76, 82], [65, 86]] [[78, 81], [67, 84]]
	After ::  [[76, 82], [65, 86]] [[78.14235316934348, 81.448235211147818], [66.85764683065652, 83.551764788852182]] Angle Difference ::  9.424052270295023 LHD ::  2.28299913878
[[65, 86], [52, 87]] [[67, 84], [55, 84]]
	After ::  [[65, 86], [52, 87]] [[66.982326913009487, 83.539821006691582], [55.017673086990513, 84.460178993308418]] Angle Difference ::  4.2142349529391595e-14 LHD ::  3.22523625195
[[43, 83], [52, 87]] [[47, 79], [55, 84]]
	After ::  [[43, 83], [52, 87]] [[46.689559546030537, 79.584248687124685], [55.310440453969463, 83.415751312875315]] Angle Difference ::  1.5902773407317584e-14 LHD ::  4.82030626566
[[122, 81], [133, 73]] [[119, 83], [130, 76]]
	After ::  [[122, 81], [133, 73]] [[119.22768577403649, 83.334410346155281], [129.77231422596353, 75.665589653844719]] Angle Difference ::  4.4527765540489235e-14 LHD ::  3.88480703347
[[133, 73], [146, 73]] [[130, 76], [141, 76]]
	After ::  [[133, 73], [146, 73]] [[130, 76], [141, 76]] Angle Difference ::  0.0 LHD ::  4.242640687119285
[[146, 73], [156, 80]] [[141, 76], [149, 82]]
	After ::  [[146, 73], [156, 80]] [[140.90384039740479, 76.132688278183352], [149.09615960259521, 81.867311721816648]] Angle Difference ::  3.180554681463517e-14 LHD ::  6.13167188797
[[156, 80], [147, 84]] [[149, 82], [141, 87]]
	After ::  [[156, 80], [147, 84]] [[148.68955954603052, 81.415751312875315], [141.31044045396948, 87.584248687124685]] Angle Difference ::  15.931095050399845 LHD ::  6.2857433835
[[147, 84], [134, 84]] [[141, 87], [130, 86]]
	After ::  [[147, 84], [134, 84]] [[141.02268050859362, 86.5], [129.97731949140638, 86.5]] Angle Difference ::  0.0 LHD ::  4.73624598492
[[122, 81], [134, 84]] [[119, 83], [130, 86]]
	After ::  [[122, 81], [134, 84]] [[118.96933681245028, 83.117334203112563], [130.03066318754972, 85.882665796887437]] Angle Difference ::  6.997220299219736e-14 LHD ::  3.62205037734
[[65, 162], [75, 155]] [[66, 157], [75, 151]]
	After ::  [[65, 162], [75, 155]] [[66.069325956107633, 157.10147183072465], [74.930674043892367, 150.89852816927535]] Angle Difference ::  6.997220299219736e-14 LHD ::  4.62304743833
[[75, 155], [87, 149]] [[75, 151], [86, 148]]
	After ::  [[75, 155], [87, 149]] [[75.400980486407221, 152.0495097567964], [85.599019513592779, 146.9504902432036]] Angle Difference ::  6.679164831073386e-14 LHD ::  2.80874847879
[[87, 149], [97, 152]] [[86, 148], [95, 150]]
	After ::  [[87, 149], [97, 152]] [[86.084638990519949, 147.67539169715599], [94.915361009480051, 150.32460830284401]] Angle Difference ::  3.180554681463517e-14 LHD ::  1.61012453034
[[97, 152], [106, 149]] [[95, 150], [105, 148]]
	After ::  [[96.848697452904688, 151.43026050941907], [106.15130254709531, 149.56973949058093]] [[95, 150], [105, 148]] Angle Difference ::  1.0018747246610078e-13 LHD ::  1.9467456854
[[106, 149], [120, 154]] [[105, 148], [115, 152]]
	After ::  [[106, 149], [120, 154]] [[104.92856460027591, 148.18877307152712], [115.07143539972409, 151.81122692847288]] Angle Difference ::  1.4312496066585825e-13 LHD ::  1.34389914767
[[120, 154], [133, 162]] [[115, 152], [124, 158]]
	After ::  [[120, 154], [133, 162]] [[114.89395340491963, 152.16550978764283], [124.10604659508037, 157.83449021235717]] Angle Difference ::  1.335832966214677e-13 LHD ::  5.42559378463
[[133, 162], [120, 169]] [[124, 158], [115, 168]]
	After ::  [[133, 162], [120, 169]] [[122.57723641866679, 156.18918038994866], [116.42276358133321, 169.81081961005134]] Angle Difference ::  37.38503636485298 LHD ::  7.60580513292
[[120, 169], [107, 173]] [[115, 168], [105, 172]]
	After ::  [[120, 169], [107, 173]] [[114.85297251883266, 167.5837007634361], [105.14702748116734, 172.4162992365639]] Angle Difference ::  9.36602438520393 LHD ::  2.68776154948
[[107, 173], [97, 174]] [[105, 172], [95, 172]]
	After ::  [[107, 173], [97, 174]] [[104.97518595104995, 171.50248140489501], [95.024814048950049, 172.49751859510499]] Angle Difference ::  3.339582415536693e-14 LHD ::  2.48171484955
[[97, 174], [87, 173]] [[95, 172], [85, 171]]
	After ::  [[97, 174], [87, 173]] [[95, 172], [85, 171]] Angle Difference ::  0.0 LHD ::  2.8284271247461903
[[87, 173], [75, 169]] [[85, 171], [74, 165]]
	After ::  [[87, 173], [75, 169]] [[85.443483826847682, 169.9811612756159], [73.556516173152318, 166.0188387243841]] Angle Difference ::  8.269442171805144e-14 LHD ::  3.3123953427
[[75, 169], [70, 162]] [[74, 165], [71, 156]]
	After ::  [[73.86014705087355, 169.58044115262064], [71.13985294912645, 161.41955884737936]] [[74, 165], [71, 156]] Angle Difference ::  6.361109362927034e-14 LHD ::  4.62327687433
[[70, 162], [87, 159]] [[71, 156], [86, 156]]
	After ::  [[70, 162], [87, 159]] [[71.114123308865473, 157.30339000431786], [85.885876691134527, 154.69660999568214]] Angle Difference ::  3.021526947390341e-14 LHD ::  4.63377103068
[[87, 159], [97, 160]] [[86, 156], [95, 157]]
	After ::  [[87, 159], [97, 160]] [[85.994777507939219, 156.04947775079393], [95.005222492060781, 156.95052224920607]] Angle Difference ::  5.486456825524566e-14 LHD ::  3.11705851985
[[97, 160], [106, 159]] [[95, 157], [105, 156]]
	After ::  [[96.994777507939219, 159.95052224920607], [106.00522249206078, 159.04947775079393]] [[95, 157], [105, 156]] Angle Difference ::  5.486456825524566e-14 LHD ::  3.21088567621
[[106, 159], [128, 162]] [[105, 156], [120, 158]]
	After ::  [[106, 159], [128, 162]] [[105.00300939348607, 155.97768309911174], [119.99699060651393, 158.02231690088826]] Angle Difference ::  5.406942958487979e-14 LHD ::  3.18251311371
[[128, 162], [106, 160]] [[120, 158], [105, 157]]
	After ::  [[128, 162], [106, 160]] [[119.98577886701855, 158.18052535154715], [105.01422113298145, 156.81947464845285]] Angle Difference ::  3.975693351829396e-14 LHD ::  3.32979005695
[[106, 160], [97, 161]] [[105, 157], [95, 158]]
	After ::  [[105.99477750793922, 159.95052224920607], [97.005222492060781, 161.04947775079393]] [[105, 157], [95, 158]] Angle Difference ::  1.2591212051163698 LHD ::  3.21634456497
[[97, 161], [87, 160]] [[95, 158], [86, 156]]
	After ::  [[97, 161], [87, 160]] [[95.0868948059004, 157.45868948059004], [85.9131051940996, 156.54131051940996]] Angle Difference ::  1.828818941841522e-14 LHD ::  3.62547566233
[[65, 162], [87, 160]] [[66, 157], [86, 156]]
	After ::  [[65, 162], [87, 160]] [[66.028627040947441, 157.40648845082296], [85.971372959052559, 155.59351154917704]] Angle Difference ::  1.4312496066585827e-14 LHD ::  4.61494322105
[[97, 152], [97, 174]] [[95, 150], [95, 172]]
	After ::  [[97, 152], [97, 174]] [[95, 150], [95, 172]] Angle Difference ::  0.0 LHD ::  2.8284271247461907
[[65, 162], [133, 162]] [[66, 157], [124, 158]]
	After ::  [[65, 162], [133, 162]] [[65.995689975453644, 157.5], [124.00431002454636, 157.5]] Angle Difference ::  0.0 LHD ::  4.60883918309
[[22, 113], [185, 111]] [[26, 99], [171, 109]]
	After ::  [[22, 113], [185, 111]] [[25.833260564869033, 104.89161643478688], [171.16673943513098, 103.10838356521312]] Angle Difference ::  1.987846675914698e-16 LHD ::  8.92608422134
[[25, 133], [183, 134]] [[28, 119], [167, 128]]
	After ::  [[25, 133], [183, 134]] [[27.855863793200882, 123.05921432780507], [167.14413620679912, 123.94078567219493]] Angle Difference ::  2.683593012484842e-15 LHD ::  10.3602224594
[[29, 153], [178, 154]] [[30, 139], [162, 148]]
	After ::  [[29, 153], [178, 154]] [[29.848258606599515, 143.05602858125235], [162.1517413934005, 143.94397141874765]] Angle Difference ::  2.782985346280577e-15 LHD ::  9.98575531371
[[34, 172], [169, 173]] [[34, 159], [155, 167]]
	After ::  [[34, 172], [169, 173]] [[33.869576148687756, 162.55088574924955], [155.13042385131226, 163.44911425075045]] Angle Difference ::  5.913843860846227e-15 LHD ::  9.45001493685
[[45, 188], [158, 188]] [[43, 177], [145, 183]]
	After ::  [[45, 188], [158, 188]] [[42.911840902220796, 180.0], [145.0881590977792, 180.0]] Angle Difference ::  0.0 LHD ::  8.26803606279
[[59, 200], [142, 199]] [[56, 193], [132, 195]]
	After ::  [[59, 200], [142, 199]] [[55.989603057032227, 194.4579565896743], [132.01039694296779, 193.5420434103257]] Angle Difference ::  2.1568136433674472e-14 LHD ::  6.30688013846
[[78, 206], [121, 206]] [[73, 202], [115, 202]]
	After ::  [[78, 206], [121, 206]] [[73, 202], [115, 202]] Angle Difference ::  0.0 LHD ::  6.4031242374328485
[[97.5, 44.0], [99, 208]] [[99.5, 50.0], [94, 203]]
	After ::  [[97.5, 44.0], [99, 208]] [[101.54988222144371, -103.0462104554899], [91.95011777855629, 356.04621045548993]] Angle Difference ::  178.27806995649058 LHD ::  147.903995459
[[26, 79], [26, 99]] [[21, 93], [22, 113]]
	After ::  [[25.500623830561079, 79.012476611221558], [26.499376169438921, 98.987523388778442]] [[21, 93], [22, 113]] Angle Difference ::  0.0 LHD ::  14.6934329384
[[26, 99], [28, 119]] [[22, 113], [25, 133]]
	After ::  [[25.509196898470304, 99.061312656468687], [28.490803101529696, 118.93868734353131]] [[22, 113], [25, 133]] Angle Difference ::  0.0 LHD ::  14.3718743869
[[28, 119], [30, 139]] [[25, 133], [29, 153]]
	After ::  [[27.029057234566313, 119.14528617283158], [30.970942765433687, 138.85471382716844]] [[25, 133], [29, 153]] Angle Difference ::  0.0 LHD ::  14.0055852854
[[30, 139], [34, 159]] [[29, 153], [34, 172]]
	After ::  [[30, 139], [34, 159]] [[29.573464648251047, 152.86732324125524], [33.426535351748953, 172.13267675874476]] Angle Difference ::  0.0 LHD ::  13.1680271679
[[34, 159], [43, 177]] [[34, 172], [45, 188]]
	After ::  [[34, 159], [43, 177]] [[35.158341330781518, 171.31668266156305], [43.841658669218482, 188.68331733843695]] Angle Difference ::  3.81666561775622e-14 LHD ::  11.713610152
[[43, 177], [56, 193]] [[45, 188], [59, 200]]
	After ::  [[43, 177], [56, 193]] [[46.186223258500547, 186.84458247200067], [57.813776741499453, 201.15541752799933]] Angle Difference ::  2.5444437451708134e-14 LHD ::  8.35473922218
[[56, 193], [73, 202]] [[59, 200], [78, 206]]
	After ::  [[55.328735600796321, 194.60381124235673], [73.671264399203679, 200.39618875764327]] [[59, 200], [78, 206]] Angle Difference ::  3.498610149609868e-14 LHD ::  6.52672269697
[[73, 202], [94, 203]] [[78, 206], [99, 208]]
	After ::  [[73.035453111910016, 201.50337648684857], [93.964546888089984, 203.49662351315143]] [[78, 206], [99, 208]] Angle Difference ::  3.657637883683044e-14 LHD ::  6.69823513007
[[94, 203], [115, 202]] [[99, 208], [121, 206]]
	After ::  [[94.03127217398972, 203.45170252963729], [114.96872782601028, 201.54829747036271]] [[99, 208], [121, 206]] Angle Difference ::  5.565970692561154e-14 LHD ::  6.7361167991
[[115, 202], [132, 195]] [[121, 206], [142, 199]]
	After ::  [[114.77933488775082, 201.40688837074973], [132.22066511224918, 195.59311162925027]] [[121, 206], [142, 199]] Angle Difference ::  0.0 LHD ::  7.73261736779
[[132, 195], [145, 183]] [[142, 199], [158, 188]]
	After ::  [[131.21060506526166, 194.0114590176326], [145.78939493473834, 183.9885409823674]] [[142, 199], [158, 188]] Angle Difference ::  3.180554681463517e-14 LHD ::  11.8868416284
[[145, 183], [155, 167]] [[158, 188], [169, 173]]
	After ::  [[145, 183], [155, 167]] [[158.57072492053965, 188.38684012713654], [168.42927507946035, 172.61315987286346]] Angle Difference ::  8.905553108097847e-14 LHD ::  14.5551716976
[[155, 167], [162, 148]] [[169, 173], [178, 154]]
	After ::  [[154.16595608564199, 166.64964826364468], [162.83404391435801, 148.35035173635532]] [[169, 173], [178, 154]] Angle Difference ::  0.0 LHD ::  16.1361671366
[[162, 148], [167, 128]] [[178, 154], [183, 134]]
	After ::  [[162, 148], [167, 128]] [[178, 154], [183, 134]] Angle Difference ::  0.0 LHD ::  17.08800749063506
[[167, 128], [171, 109]] [[183, 134], [185, 111]]
	After ::  [[168.15897855367967, 128.17174663268375], [169.84102144632033, 108.82825336731626]] [[183, 134], [185, 111]] Angle Difference ::  0.0 LHD ::  15.9444243399
[[171, 109], [173, 88]] [[185, 111], [186, 89]]
	After ::  [[171.52106217178118, 109.03663222081425], [172.47893782821882, 87.963367779185745]] [[185, 111], [186, 89]] Angle Difference ::  6.361109362927034e-14 LHD ::  13.6211814477
[[26, 79], [173, 88]] [[21, 93], [186, 89]]
	After ::  [[25.88400245263448, 85.284630243572494], [173.11599754736551, 81.715369756427506]] [[21, 93], [186, 89]] Angle Difference ::  2.782985346280577e-15 LHD ::  9.02997928365
[[34, 60], [43, 50]] [[27, 64], [35, 51]]
	After ::  [[34.974495135536444, 60.728945404753283], [42.025504864463556, 49.271054595246717]] [[27, 64], [35, 51]] Angle Difference ::  1.2722218725854067e-14 LHD ::  7.82288094369
[[43, 50], [58, 49]] [[35, 51], [51, 46]]
	After ::  [[43.325509801488266, 51.742028187034919], [57.674490198511734, 47.257971812965081]] [[35, 51], [51, 46]] Angle Difference ::  9.54166404439055e-15 LHD ::  6.79223315424
[[58, 49], [72, 53]] [[51, 46], [67, 49]]
	After ::  [[57.844582472000674, 49.658359213500127], [72.155417527999333, 52.341640786499873]] [[51, 46], [67, 49]] Angle Difference ::  9.54166404439055e-15 LHD ::  6.143693326
[[72, 53], [87, 61]] [[67, 49], [84, 56]]
	After ::  [[71.640236162964911, 53.763626655338491], [87.359763837035089, 60.236373344661509]] [[67, 49], [84, 56]] Angle Difference ::  6.3611093629270335e-15 LHD ::  5.40693717204
[[34, 60], [87, 61]] [[27, 64], [84, 56]]
	After ::  [[34.252538823131665, 64.183854200262218], [86.747461176868327, 56.816145799737775]] [[27, 64], [84, 56]] Angle Difference ::  1.5902773407317584e-15 LHD ::  2.86622834469
[[112, 61], [126, 55]] [[109, 55], [126, 47]]
	After ::  [[112.10910606209498, 61.242773617837656], [125.89089393790502, 54.757226382162344]] [[109, 55], [126, 47]] Angle Difference ::  0.0 LHD ::  7.71570835625
[[126, 55], [141, 51]] [[126, 47], [144, 42]]
	After ::  [[126.02108982396476, 55.077475048898677], [140.97891017603524, 50.922524951101323]] [[126, 47], [144, 42]] Angle Difference ::  9.54166404439055e-15 LHD ::  8.85973652551
[[141, 51], [155, 52]] [[144, 42], [161, 46]]
	After ::  [[141.16871948734186, 49.892639879374556], [154.83128051265814, 53.107360120625444]] [[144, 42], [161, 46]] Angle Difference ::  6.3611093629270335e-15 LHD ::  7.75504276538
[[155, 52], [165, 63]] [[161, 46], [172, 59]]
	After ::  [[155.19868911578342, 51.825723500471319], [164.80131088421658, 63.174276499528681]] [[161, 46], [172, 59]] Angle Difference ::  0.0 LHD ::  8.02570579353
[[112, 61], [165, 63]] [[109, 55], [172, 59]]
	After ::  [[112.03442969548385, 60.319646329871993], [164.96557030451615, 63.680353670128007]] [[109, 55], [172, 59]] Angle Difference ::  5.565970692561154e-15 LHD ::  5.75705934489
[[87, 61], [112, 61]] [[84, 56], [109, 55]]
	After ::  [[87.009988015977626, 61.499600479360893], [111.99001198402237, 60.500399520639107]] [[84, 56], [109, 55]] Angle Difference ::  7.951386703658792e-15 LHD ::  6.2605566131
[[87, 61], [99, 77]] [[84, 56], [97, 72]]
	After ::  [[86.694073749055349, 61.238859998837341], [99.305926250944651, 76.761140001162659]] [[84, 56], [97, 72]] Angle Difference ::  3.180554681463517e-14 LHD ::  5.2901561655
[[112, 61], [99, 77]] [[109, 55], [97, 72]]
	After ::  [[112.55568565945451, 61.421111982439449], [98.444314340545489, 76.578888017560558]] [[109, 55], [97, 72]] Angle Difference ::  7.734890947589564 LHD ::  6.06370388946
[[99, 77], [99, 89]] [[97, 72], [97, 84]]
	After ::  [[99, 77], [99, 89]] [[97, 72], [97, 84]] Angle Difference ::  0.0 LHD ::  5.385164807134504
[[99, 89], [100, 102]] [[97, 84], [97, 96]]
	After ::  [[99, 89], [100, 102]] [[96.539821006691582, 84.017673086990513], [97.460178993308418, 95.982326913009487]] Angle Difference ::  3.81666561775622e-14 LHD ::  5.55662639427
[[100, 102], [100, 114]] [[97, 96], [97, 108]]
	After ::  [[100, 102], [100, 114]] [[97, 96], [97, 108]] Angle Difference ::  0.0 LHD ::  6.708203932499369
[[100, 114], [82, 127]] [[97, 108], [80, 127]]
	After ::  [[101.59737572520082, 115.77352124830497], [80.40262427479918, 125.22647875169503]] [[97, 108], [80, 127]] Angle Difference ::  24.1427369113837 LHD ::  5.40005866348
[[82, 127], [90, 129]] [[80, 127], [89, 128]]
	After ::  [[81.902112382357316, 127.54467915359525], [90.097887617642684, 128.45532084640473]] [[80, 127], [89, 128]] Angle Difference ::  5.406942958487979e-14 LHD ::  1.18869668836
[[90, 129], [98, 132]] [[89, 128], [97, 130]]
	After ::  [[90, 129], [98, 132]] [[89.139415900535113, 127.55228096270066], [96.860584099464887, 130.44771903729932]] Angle Difference ::  4.4527765540489235e-14 LHD ::  1.68423961181
[[98, 132], [106, 130]] [[97, 130], [107, 128]]
	After ::  [[97.956962299686793, 131.80860754006264], [106.04303770031321, 130.19139245993736]] [[97, 130], [107, 128]] Angle Difference ::  3.975693351829396e-14 LHD ::  2.20821001677
[[106, 130], [113, 129]] [[107, 128], [117, 127]]
	After ::  [[105.98201227634854, 129.85179877236516], [113.01798772365146, 129.14820122763484]] [[107, 128], [117, 127]] Angle Difference ::  1.8208675551378634e-13 LHD ::  2.38727487058
[[99, 77], [113, 129]] [[97, 72], [117, 127]]
	After ::  [[96.798286417915662, 77.695287649268082], [115.20171358208434, 128.30471235073193]] [[97, 72], [117, 127]] Angle Difference ::  1.2722218725854067e-14 LHD ::  2.37478860939
[[113, 129], [100, 114]] [[117, 127], [97, 108]]
	After ::  [[113.69541392854877, 128.33564323212133], [99.304586071451226, 114.66435676787866]] [[117, 127], [97, 108]] Angle Difference ::  0.0 LHD ::  4.02176389979
[[47, 79], [56, 74]] [[43, 83], [52, 76]]
	After ::  [[47.436560759462687, 79.660452742640132], [55.563439240537313, 73.339547257359868]] [[43, 83], [52, 76]] Angle Difference ::  6.3611093629270335e-15 LHD ::  4.96597337805
[[56, 74], [67, 74]] [[52, 76], [64, 75]]
	After ::  [[56.018998329653165, 74.456750139195563], [66.981001670346842, 73.543249860804437]] [[52, 76], [64, 75]] Angle Difference ::  6.997220299219736e-14 LHD ::  3.36287508054
[[67, 74], [78, 81]] [[64, 75], [76, 82]]
	After ::  [[66.868850511699634, 74.215162798491448], [78.131149488300366, 80.784837201508552]] [[64, 75], [76, 82]] Angle Difference ::  3.180554681463517e-14 LHD ::  2.48486850267
[[78, 81], [67, 84]] [[76, 82], [65, 86]]
	After ::  [[78.14235316934348, 81.448235211147818], [66.85764683065652, 83.551764788852182]] [[76, 82], [65, 86]] Angle Difference ::  9.424052270295023 LHD ::  2.28299913878
[[67, 84], [55, 84]] [[65, 86], [52, 87]]
	After ::  [[66.982326913009487, 83.539821006691582], [55.017673086990513, 84.460178993308418]] [[65, 86], [52, 87]] Angle Difference ::  4.2142349529391595e-14 LHD ::  3.22523625195
[[47, 79], [55, 84]] [[43, 83], [52, 87]]
	After ::  [[46.689559546030537, 79.584248687124685], [55.310440453969463, 83.415751312875315]] [[43, 83], [52, 87]] Angle Difference ::  1.5902773407317584e-14 LHD ::  4.82030626566
[[119, 83], [130, 76]] [[122, 81], [133, 73]]
	After ::  [[119.22768577403649, 83.334410346155281], [129.77231422596353, 75.665589653844719]] [[122, 81], [133, 73]] Angle Difference ::  4.4527765540489235e-14 LHD ::  3.88480703347
[[130, 76], [141, 76]] [[133, 73], [146, 73]]
	After ::  [[130, 76], [141, 76]] [[133, 73], [146, 73]] Angle Difference ::  0.0 LHD ::  4.242640687119285
[[141, 76], [149, 82]] [[146, 73], [156, 80]]
	After ::  [[140.90384039740479, 76.132688278183352], [149.09615960259521, 81.867311721816648]] [[146, 73], [156, 80]] Angle Difference ::  3.180554681463517e-14 LHD ::  6.13167188797
[[149, 82], [141, 87]] [[156, 80], [147, 84]]
	After ::  [[148.68955954603052, 81.415751312875315], [141.31044045396948, 87.584248687124685]] [[156, 80], [147, 84]] Angle Difference ::  15.931095050399845 LHD ::  6.2857433835
[[141, 87], [130, 86]] [[147, 84], [134, 84]]
	After ::  [[141.02268050859362, 86.5], [129.97731949140638, 86.5]] [[147, 84], [134, 84]] Angle Difference ::  0.0 LHD ::  4.73624598492
[[119, 83], [130, 86]] [[122, 81], [134, 84]]
	After ::  [[118.96933681245028, 83.117334203112563], [130.03066318754972, 85.882665796887437]] [[122, 81], [134, 84]] Angle Difference ::  6.997220299219736e-14 LHD ::  3.62205037734
[[66, 157], [75, 151]] [[65, 162], [75, 155]]
	After ::  [[66.069325956107633, 157.10147183072465], [74.930674043892367, 150.89852816927535]] [[65, 162], [75, 155]] Angle Difference ::  6.997220299219736e-14 LHD ::  4.62304743833
[[75, 151], [86, 148]] [[75, 155], [87, 149]]
	After ::  [[75.400980486407221, 152.0495097567964], [85.599019513592779, 146.9504902432036]] [[75, 155], [87, 149]] Angle Difference ::  6.679164831073386e-14 LHD ::  2.80874847879
[[86, 148], [95, 150]] [[87, 149], [97, 152]]
	After ::  [[86.084638990519949, 147.67539169715599], [94.915361009480051, 150.32460830284401]] [[87, 149], [97, 152]] Angle Difference ::  3.180554681463517e-14 LHD ::  1.61012453034
[[95, 150], [105, 148]] [[97, 152], [106, 149]]
	After ::  [[95, 150], [105, 148]] [[96.848697452904688, 151.43026050941907], [106.15130254709531, 149.56973949058093]] Angle Difference ::  1.0018747246610078e-13 LHD ::  1.9467456854
[[105, 148], [115, 152]] [[106, 149], [120, 154]]
	After ::  [[104.92856460027591, 148.18877307152712], [115.07143539972409, 151.81122692847288]] [[106, 149], [120, 154]] Angle Difference ::  1.4312496066585825e-13 LHD ::  1.34389914767
[[115, 152], [124, 158]] [[120, 154], [133, 162]]
	After ::  [[114.89395340491963, 152.16550978764283], [124.10604659508037, 157.83449021235717]] [[120, 154], [133, 162]] Angle Difference ::  1.335832966214677e-13 LHD ::  5.42559378463
[[124, 158], [115, 168]] [[133, 162], [120, 169]]
	After ::  [[122.57723641866679, 156.18918038994866], [116.42276358133321, 169.81081961005134]] [[133, 162], [120, 169]] Angle Difference ::  37.38503636485298 LHD ::  7.60580513292
[[115, 168], [105, 172]] [[120, 169], [107, 173]]
	After ::  [[114.85297251883266, 167.5837007634361], [105.14702748116734, 172.4162992365639]] [[120, 169], [107, 173]] Angle Difference ::  9.36602438520393 LHD ::  2.68776154948
[[105, 172], [95, 172]] [[107, 173], [97, 174]]
	After ::  [[104.97518595104995, 171.50248140489501], [95.024814048950049, 172.49751859510499]] [[107, 173], [97, 174]] Angle Difference ::  3.339582415536693e-14 LHD ::  2.48171484955
[[95, 172], [85, 171]] [[97, 174], [87, 173]]
	After ::  [[95, 172], [85, 171]] [[97, 174], [87, 173]] Angle Difference ::  0.0 LHD ::  2.8284271247461903
[[85, 171], [74, 165]] [[87, 173], [75, 169]]
	After ::  [[85.443483826847682, 169.9811612756159], [73.556516173152318, 166.0188387243841]] [[87, 173], [75, 169]] Angle Difference ::  8.269442171805144e-14 LHD ::  3.3123953427
[[74, 165], [71, 156]] [[75, 169], [70, 162]]
	After ::  [[74, 165], [71, 156]] [[73.86014705087355, 169.58044115262064], [71.13985294912645, 161.41955884737936]] Angle Difference ::  6.361109362927034e-14 LHD ::  4.62327687433
[[71, 156], [86, 156]] [[70, 162], [87, 159]]
	After ::  [[71.114123308865473, 157.30339000431786], [85.885876691134527, 154.69660999568214]] [[70, 162], [87, 159]] Angle Difference ::  3.021526947390341e-14 LHD ::  4.63377103068
[[86, 156], [95, 157]] [[87, 159], [97, 160]]
	After ::  [[85.994777507939219, 156.04947775079393], [95.005222492060781, 156.95052224920607]] [[87, 159], [97, 160]] Angle Difference ::  5.486456825524566e-14 LHD ::  3.11705851985
[[95, 157], [105, 156]] [[97, 160], [106, 159]]
	After ::  [[95, 157], [105, 156]] [[96.994777507939219, 159.95052224920607], [106.00522249206078, 159.04947775079393]] Angle Difference ::  5.486456825524566e-14 LHD ::  3.21088567621
[[105, 156], [120, 158]] [[106, 159], [128, 162]]
	After ::  [[105.00300939348607, 155.97768309911174], [119.99699060651393, 158.02231690088826]] [[106, 159], [128, 162]] Angle Difference ::  5.406942958487979e-14 LHD ::  3.18251311371
[[120, 158], [105, 157]] [[128, 162], [106, 160]]
	After ::  [[119.98577886701855, 158.18052535154715], [105.01422113298145, 156.81947464845285]] [[128, 162], [106, 160]] Angle Difference ::  3.975693351829396e-14 LHD ::  3.32979005695
[[105, 157], [95, 158]] [[106, 160], [97, 161]]
	After ::  [[105, 157], [95, 158]] [[105.99477750793922, 159.95052224920607], [97.005222492060781, 161.04947775079393]] Angle Difference ::  1.2591212051163698 LHD ::  3.21634456497
[[95, 158], [86, 156]] [[97, 161], [87, 160]]
	After ::  [[95.0868948059004, 157.45868948059004], [85.9131051940996, 156.54131051940996]] [[97, 161], [87, 160]] Angle Difference ::  1.828818941841522e-14 LHD ::  3.62547566233
[[66, 157], [86, 156]] [[65, 162], [87, 160]]
	After ::  [[66.028627040947441, 157.40648845082296], [85.971372959052559, 155.59351154917704]] [[65, 162], [87, 160]] Angle Difference ::  1.4312496066585827e-14 LHD ::  4.61494322105
[[95, 150], [95, 172]] [[97, 152], [97, 174]]
	After ::  [[95, 150], [95, 172]] [[97, 152], [97, 174]] Angle Difference ::  0.0 LHD ::  2.8284271247461907
[[66, 157], [124, 158]] [[65, 162], [133, 162]]
	After ::  [[65.995689975453644, 157.5], [124.00431002454636, 157.5]] [[65, 162], [133, 162]] Angle Difference ::  0.0 LHD ::  4.60883918309
[[26, 99], [171, 109]] [[22, 113], [185, 111]]
	After ::  [[25.833260564869033, 104.89161643478688], [171.16673943513098, 103.10838356521312]] [[22, 113], [185, 111]] Angle Difference ::  1.987846675914698e-16 LHD ::  8.92608422134
[[28, 119], [167, 128]] [[25, 133], [183, 134]]
	After ::  [[27.855863793200882, 123.05921432780507], [167.14413620679912, 123.94078567219493]] [[25, 133], [183, 134]] Angle Difference ::  2.683593012484842e-15 LHD ::  10.3602224594
[[30, 139], [162, 148]] [[29, 153], [178, 154]]
	After ::  [[29.848258606599515, 143.05602858125235], [162.1517413934005, 143.94397141874765]] [[29, 153], [178, 154]] Angle Difference ::  2.782985346280577e-15 LHD ::  9.98575531371
[[34, 159], [155, 167]] [[34, 172], [169, 173]]
	After ::  [[33.869576148687756, 162.55088574924955], [155.13042385131226, 163.44911425075045]] [[34, 172], [169, 173]] Angle Difference ::  5.913843860846227e-15 LHD ::  9.45001493685
[[43, 177], [145, 183]] [[45, 188], [158, 188]]
	After ::  [[42.911840902220796, 180.0], [145.0881590977792, 180.0]] [[45, 188], [158, 188]] Angle Difference ::  0.0 LHD ::  8.26803606279
[[56, 193], [132, 195]] [[59, 200], [142, 199]]
	After ::  [[55.989603057032227, 194.4579565896743], [132.01039694296779, 193.5420434103257]] [[59, 200], [142, 199]] Angle Difference ::  2.1568136433674472e-14 LHD ::  6.30688013846
[[73, 202], [115, 202]] [[78, 206], [121, 206]]
	After ::  [[73, 202], [115, 202]] [[78, 206], [121, 206]] Angle Difference ::  0.0 LHD ::  6.4031242374328485
[[99.5, 50.0], [94, 203]] [[97.5, 44.0], [99, 208]]
	After ::  [[101.54988222144371, -103.0462104554899], [91.95011777855629, 356.04621045548993]] [[97.5, 44.0], [99, 208]] Angle Difference ::  178.27806995649058 LHD ::  147.903995459
