[[ 846.    0.    0.  846.  183.  228.]
 [   0.  846.  846.    0. -846. -846.]
 [   0.  846. -846. -846.   40.  186.]
 [-846. -846.  846.    0.  180.   66.]
 [  35.  136.   70.  107.   80.  112.]
 [  70.  107.   35.  136.   34.  110.]
 [-846. -846.   35.  136.   40.  186.]
 [  35.  136. -846. -846.   34.  110.]
 [  34.  110. -846. -846.   45.   87.]
 [ 138.  199.  137.  214.  127.  200.]
 [ 137.  214.  138.  199.  149.  211.]
 [  40.  186.   35.  136.   38.  162.]
 [ 127.  200.  137.  214.  127.  214.]
 [  38.  162.   35.  136.   80.  112.]
 [  93.  199.   46.  209.   40.  186.]
 [  46.  209.   93.  199.   59.  229.]
 [   0.  846.   40.  186.   46.  209.]
 [  40.  186.   38.  162.   93.  199.]
 [ 111.  164.  133.  132.  134.  150.]
 [ 133.  132.  111.  164.   94.  111.]
 [   0.  846.   46.  209.   59.  229.]
 [ 118.  186.  111.  164.  121.  167.]
 [ 111.  164.  118.  186.  105.  190.]
 [   0.  846.   59.  229.   78.  243.]
 [ 111.  164.  105.  190.   93.  199.]
 [   0.  846.   78.  243.  100.  254.]
 [  78.  243.   59.  229.   93.  199.]
 [ 204.  164.  177.  116.  209.  140.]
 [ 177.  116.  204.  164.  148.  165.]
 [   0.  846.  100.  254.  125.  258.]
 [ 100.  254.   78.  243.  104.  207.]
 [ 150.  193.  148.  165.  199.  187.]
 [ 148.  165.  150.  193.  140.  169.]
 [   0.  846.  125.  258.  148.  255.]
 [ 125.  258.  100.  254.  116.  213.]
 [   0.  846.  168.  244.  183.  228.]
 [ 168.  244.    0.  846.  148.  255.]
 [ 148.  255.  125.  258.  137.  214.]
 [ 168.  244.  148.  255.  149.  211.]
 [ 846.    0.  183.  228.  194.  209.]
 [ 183.  228.  168.  244.  149.  211.]
 [  80.  112.   93.  100.   94.  111.]
 [  93.  100.   80.  112.   80.  100.]
 [ 846.    0.  194.  209.  199.  187.]
 [ 194.  209.  183.  228.  160.  202.]
 [ 148.  165.  164.  115.  177.  116.]
 [ 164.  115.  148.  165.  134.  150.]
 [ 846.    0.  199.  187.  204.  164.]
 [ 199.  187.  194.  209.  160.  202.]
 [ 133.  132.   94.  111.  106.  108.]
 [ 846.    0.  204.  164.  209.  140.]
 [ 204.  164.  199.  187.  148.  165.]
 [  93.  100.  122.   74.  106.  108.]
 [ 122.   74.   93.  100.  102.   63.]
 [ 846.    0.  209.  140.  212.  115.]
 [  79.   61.   80.  100.   57.   68.]
 [  80.  100.   79.   61.   93.  100.]
 [ 846.    0.  212.  115.  208.   92.]
 [ 212.  115.  209.  140.  186.  111.]
 [  57.   68.   80.  100.   45.   87.]
 [  45.   87. -846. -846.   57.   68.]
 [  45.   87.   80.  100.   70.  107.]
 [  34.  110.   45.   87.   70.  107.]
 [ 132.   97.  142.   75.  164.  102.]
 [ 142.   75.  132.   97.  122.   74.]
 [  57.   68. -846. -846.   79.   61.]
 [ 102.   63. -846. -846.  180.   66.]
 [-846. -846.  102.   63.   79.   61.]
 [ 161.   67.  122.   74.  102.   63.]
 [ 122.   74.  161.   67.  142.   75.]
 [  79.   61.  102.   63.   93.  100.]
 [ 102.   63.  180.   66.  161.   67.]
 [ 133.  132.  152.  110.  164.  115.]
 [ 152.  110.  133.  132.  132.  114.]
 [ 152.  110.  132.   97.  164.  102.]
 [ 132.   97.  152.  110.  132.  114.]
 [ 164.  102.  142.   75.  161.   67.]
 [ 164.  102.  161.   67.  180.   66.]
 [ 180.   66.  846.    0.  200.   73.]
 [ 177.  104.  180.   66.  200.   73.]
 [ 180.   66.  177.  104.  164.  102.]
 [ 200.   73.  846.    0.  208.   92.]
 [ 208.   92.  212.  115.  186.  111.]
 [ 200.   73.  208.   92.  177.  104.]
 [ 122.   74.  132.   97.  106.  108.]
 [ 177.  104.  177.  116.  164.  115.]
 [ 177.  116.  177.  104.  186.  111.]
 [  38.  162.   80.  112.  111.  164.]
 [ 132.   97.  132.  114.  106.  108.]
 [ 164.  115.  134.  150.  133.  132.]
 [  38.  162.  111.  164.   93.  199.]
 [ 132.  114.  133.  132.  106.  108.]
 [ 130.  171.  134.  150.  140.  169.]
 [ 134.  150.  130.  171.  121.  167.]
 [ 100.  254.  104.  207.  116.  213.]
 [ 137.  198.  128.  189.  138.  187.]
 [ 128.  189.  137.  198.  127.  198.]
 [ 137.  214.  125.  258.  127.  214.]
 [ 111.  164.  134.  150.  121.  167.]
 [ 130.  171.  128.  189.  118.  186.]
 [ 128.  189.  130.  171.  138.  187.]
 [ 121.  167.  130.  171.  118.  186.]
 [ 140.  169.  138.  187.  130.  171.]
 [ 138.  187.  140.  169.  150.  193.]
 [ 140.  169.  134.  150.  148.  165.]
 [  94.  111.   93.  100.  106.  108.]
 [  70.  107.   80.  100.   80.  112.]
 [  94.  111.  111.  164.   80.  112.]
 [ 177.  104.  164.  115.  164.  102.]
 [ 209.  140.  177.  116.  186.  111.]
 [ 152.  110.  164.  102.  164.  115.]
 [ 208.   92.  186.  111.  177.  104.]
 [  78.  243.   93.  199.  104.  207.]
 [  93.  199.  105.  190.   98.  199.]
 [ 127.  198.  117.  198.  117.  197.]
 [ 117.  198.  127.  198.  127.  200.]
 [ 105.  190.  118.  186.  117.  197.]
 [ 148.  255.  137.  214.  149.  211.]
 [ 118.  186.  128.  189.  117.  197.]
 [ 138.  199.  150.  193.  155.  202.]
 [ 150.  193.  138.  199.  137.  198.]
 [ 150.  193.  199.  187.  160.  202.]
 [ 138.  187.  150.  193.  137.  198.]
 [ 183.  228.  149.  211.  160.  202.]
 [ 150.  193.  160.  202.  155.  202.]
 [ 160.  202.  149.  211.  155.  202.]
 [ 127.  214.  125.  258.  116.  213.]
 [ 117.  197.  128.  189.  127.  198.]
 [ 105.  190.  117.  197.  117.  198.]
 [ 127.  214.  116.  213.  127.  200.]
 [ 105.  190.  104.  207.   98.  199.]
 [ 104.  207.  105.  190.  117.  198.]
 [ 116.  213.  104.  207.  117.  198.]
 [ 104.  207.   93.  199.   98.  199.]
 [ 127.  200.  127.  198.  137.  198.]
 [ 127.  200.  137.  198.  138.  199.]
 [ 155.  202.  149.  211.  138.  199.]
 [ 127.  200.  116.  213.  117.  198.]]

 [[ 576.    0.    0.  576.  142.  155.]
 [   0.  576.  576.    0. -576. -576.]
 [   0.  576. -576. -576.   20.   96.]
 [-576. -576.  576.    0.  117.   41.]
 [  59.   76.   59.   66.   68.   72.]
 [  59.   66.   59.   76.   49.   67.]
 [  20.   96. -576. -576.   18.   78.]
 [  18.   78. -576. -576.   27.   59.]
 [  73.  131.   72.  114.   81.  116.]
 [  72.  114.   73.  131.   64.  139.]
 [   0.  576.   20.   96.   24.  114.]
 [  20.   96.   18.   78.   42.   73.]
 [  87.   92.   72.  114.   59.   76.]
 [  72.  114.   87.   92.   89.  106.]
 [   0.  576.   24.  114.   29.  132.]
 [  24.  114.   20.   96.   49.   76.]
 [  24.  114.   72.  114.   29.  132.]
 [  72.  114.   24.  114.   49.   76.]
 [   0.  576.   29.  132.   35.  147.]
 [   0.  576.   35.  147.   46.  160.]
 [  35.  147.   29.  132.   64.  139.]
 [ 118.   63.  120.   72.  109.   73.]
 [ 120.   72.  118.   63.  126.   68.]
 [   0.  576.   46.  160.   61.  169.]
 [  46.  160.   35.  147.   64.  139.]
 [ 130.  165.  118.  134.  142.  155.]
 [ 118.  134.  130.  165.  110.  140.]
 [   0.  576.   61.  169.   78.  174.]
 [  61.  169.   46.  160.   64.  139.]
 [ 106.  112.   87.   92.  109.   73.]
 [  87.   92.  106.  112.   89.  106.]
 [   0.  576.   78.  174.   97.  173.]
 [  78.  174.   61.  169.   74.  144.]
 [ 118.  134.  106.  112.  157.  106.]
 [ 106.  112.  118.  134.  108.  128.]
 [   0.  576.   97.  173.  115.  171.]
 [  97.  173.   78.  174.   84.  145.]
 [   0.  576.  130.  165.  142.  155.]
 [ 130.  165.    0.  576.  115.  171.]
 [ 115.  171.   97.  173.  101.  144.]
 [ 130.  165.  115.  171.  110.  140.]
 [  89.  106.  106.  112.   99.  115.]
 [ 576.    0.  142.  155.  151.  141.]
 [  74.   48.   83.   65.   68.   72.]
 [  83.   65.   74.   48.   89.   47.]
 [ 576.    0.  151.  141.  155.  124.]
 [ 151.  141.  142.  155.  118.  134.]
 [  72.  114.   49.   76.   59.   76.]
 [ 576.    0.  155.  124.  157.  106.]
 [ 155.  124.  151.  141.  118.  134.]
 [  20.   96.   42.   73.   49.   76.]
 [ 576.    0.  157.  106.  156.   87.]
 [ 157.  106.  155.  124.  118.  134.]
 [  68.   72.   83.   65.   85.   79.]
 [ 576.    0.  156.   87.  155.   69.]
 [ 156.   87.  157.  106.  120.   72.]
 [  49.   67.   27.   59.   35.   49.]
 [  27.   59.   49.   67.   42.   73.]
 [ 576.    0.  155.   69.  141.   54.]
 [ 155.   69.  156.   87.  126.   68.]
 [  61.   44. -576. -576.  103.   42.]
 [-576. -576.   61.   44.   48.   45.]
 [  27.   59. -576. -576.   35.   49.]
 [  49.   67.   48.   45.   59.   66.]
 [  48.   45.   49.   67.   35.   49.]
 [  18.   78.   27.   59.   42.   73.]
 [  35.   49. -576. -576.   48.   45.]
 [ 109.   73.   87.   92.  100.   71.]
 [  48.   45.   61.   44.   59.   66.]
 [  61.   44.  103.   42.   89.   47.]
 [  61.   44.   89.   47.   74.   48.]
 [  61.   44.   74.   48.   59.   66.]
 [  89.   47.  108.   64.  100.   71.]
 [ 108.   64.   89.   47.  103.   42.]
 [ 100.   71.   87.   92.   85.   79.]
 [  83.   65.  100.   71.   85.   79.]
 [ 100.   71.   83.   65.   89.   47.]
 [ 103.   42. -576. -576.  117.   41.]
 [ 103.   42.  117.   41.  108.   64.]
 [ 117.   41.  576.    0.  131.   44.]
 [ 118.   63.  131.   44.  126.   68.]
 [ 131.   44.  118.   63.  117.   41.]
 [ 131.   44.  576.    0.  141.   54.]
 [ 156.   87.  120.   72.  126.   68.]
 [ 141.   54.  155.   69.  126.   68.]
 [ 131.   44.  141.   54.  126.   68.]
 [  49.   67.   59.   76.   49.   76.]
 [  98.  133.   91.  136.   91.  135.]
 [  91.  136.   98.  133.   99.  134.]
 [  85.   79.   87.   92.   68.   72.]
 [  99.  115.   98.  126.   90.  119.]
 [  98.  126.   99.  115.  108.  128.]
 [  78.  174.   74.  144.   84.  145.]
 [  90.  129.   90.  119.   98.  126.]
 [  90.  119.   90.  129.   82.  128.]
 [  93.  145.   97.  173.   84.  145.]
 [  97.  173.   93.  145.  101.  144.]
 [  72.  114.   89.  106.   81.  116.]
 [  64.  139.   29.  132.   72.  114.]
 [  73.  131.   83.  135.   74.  144.]
 [  83.  135.   73.  131.   82.  128.]
 [  81.  116.   89.  106.   90.  119.]
 [  98.  133.  108.  128.   99.  134.]
 [ 108.  128.   98.  133.   98.  126.]
 [  81.  116.   90.  119.   82.  128.]
 [  90.  119.   89.  106.   99.  115.]
 [ 157.  106.  106.  112.  120.   72.]
 [  99.  115.  106.  112.  108.  128.]
 [  87.   92.   59.   76.   68.   72.]
 [  42.   73.   49.   67.   49.   76.]
 [  74.   48.   68.   72.   59.   66.]
 [ 118.   63.  109.   73.  108.   64.]
 [ 117.   41.  118.   63.  108.   64.]
 [ 100.   71.  108.   64.  109.   73.]
 [ 120.   72.  106.  112.  109.   73.]
 [  61.  169.   64.  139.   74.  144.]
 [  64.  139.   73.  131.   69.  138.]
 [  73.  131.   81.  116.   82.  128.]
 [  91.  135.   84.  136.   90.  129.]
 [  84.  136.   91.  135.   91.  136.]
 [  82.  128.   90.  129.   83.  135.]
 [  99.  134.  108.  128.  110.  140.]
 [  90.  129.   98.  126.   98.  133.]
 [ 110.  140.  115.  171.  101.  144.]
 [ 108.  128.  118.  134.  114.  134.]
 [ 118.  134.  110.  140.  114.  134.]
 [ 110.  140.  108.  128.  114.  134.]
 [ 110.  140.  101.  144.   99.  134.]
 [  90.  129.   98.  133.   91.  135.]
 [ 101.  144.   93.  145.   99.  134.]
 [  74.  144.   83.  135.   84.  136.]
 [  93.  145.   84.  145.   91.  136.]
 [  73.  131.   74.  144.   69.  138.]
 [  84.  145.   74.  144.   84.  136.]
 [  74.  144.   64.  139.   69.  138.]
 [  83.  135.   90.  129.   84.  136.]
 [  91.  136.   99.  134.   93.  145.]
 [  91.  136.   84.  145.   84.  136.]]